79	5	7
66	6	65
67	3	29
95	22	78
81	15	47
46	5	36
78	16	15
73	22	103
83	8	25
69	11	87
95	11	40
77	8	11
38	13	88
28	1	55
85	17	7
11	11	79
103	8	19
59	15	30
15	16	25
52	16	62
88	13	91
103	9	32
21	15	95
0	2	71
61	3	46
20	11	80
61	16	35
73	21	58
15	8	27
25	20	14
50	10	63
56	16	42
77	5	14
11	20	18
16	15	36
81	10	67
75	15	96
78	8	26
12	8	47
81	7	83
32	11	37
52	11	67
74	6	65
52	3	12
56	4	74
98	10	83
85	11	82
94	12	44
7	2	84
49	13	63
73	13	51
2	7	72
63	4	45
3	16	21
98	8	43
97	6	85
42	20	44
46	10	80
44	6	82
27	1	11
55	4	78
10	2	28
92	5	9
99	12	30
70	13	103
40	8	16
4	20	21
7	16	23
81	16	44
52	11	21
82	1	15
100	7	55
67	3	20
98	0	12
75	6	74
22	7	103
80	16	94
53	8	40
50	4	55
18	15	0
84	1	51
70	8	12
102	8	23
29	8	22
91	12	30
43	7	98
82	16	27
44	7	66
86	5	3
15	20	10
64	17	26
24	13	54
12	15	3
73	7	79
1	18	79
27	6	57
40	18	28
55	1	45
56	15	3
103	9	36
46	20	43
26	18	50
90	0	63
64	11	75
10	2	43
49	20	29
49	8	30
96	1	67
99	21	60
93	0	3
78	10	72
10	7	97
98	5	44
81	7	60
60	12	6
82	15	89
7	20	6
8	7	54
7	4	98
4	8	47
84	7	62
19	11	7
25	11	38
19	11	0
36	20	6
56	1	63
43	7	73
18	17	75
97	21	75
19	0	96
12	0	101
32	14	31
88	1	60
41	1	65
39	8	33
79	10	94
57	15	68
73	7	68
89	17	41
70	6	67
78	8	35
98	0	48
63	7	69
89	0	13
74	12	34
77	16	27
1	18	11
99	10	65
18	5	50
72	3	2
75	15	44
61	11	52
87	12	20
96	5	27
43	5	6
32	8	1
29	5	26
70	16	29
33	18	28
69	22	70
39	8	6
1	11	84
79	12	35
19	20	20
11	20	30
3	15	73
12	15	88
31	8	34
26	6	56
62	15	90
89	5	29
92	10	79
80	13	67
25	8	4
77	11	80
33	7	63
47	1	65
94	17	24
4	7	87
45	16	14
70	11	64
89	5	12
71	22	94
40	20	32
47	23	47
46	4	21
48	20	28
75	8	29
78	18	42
41	4	23
2	8	25
18	7	52
87	18	42
69	16	88
23	16	49
61	3	82
8	16	22
6	15	78
71	3	80
86	1	15
16	16	79
63	11	77
21	17	77
71	16	89
71	18	41
27	6	51
49	10	67
16	13	52
6	4	24
15	15	100
85	10	59
98	5	32
62	17	6
79	6	61
8	7	52
53	2	89
28	1	7
90	4	57
1	16	14
13	19	37
19	20	39
8	15	24
40	6	74
48	20	1
26	23	26
31	4	13
60	10	62
23	14	6
15	7	94
81	8	3
96	0	1
28	20	50
68	5	0
91	6	74
29	10	77
34	15	88
75	7	82
85	15	32
4	16	76
95	10	79
3	15	50
0	15	99
100	6	85
86	16	92
39	4	67
92	5	7
98	9	2
102	2	96
100	6	63
84	17	17
3	4	47
85	1	2
75	5	0
60	15	46
45	1	66
38	16	15
97	7	78
72	8	32
78	9	21
72	13	101
40	8	48
89	21	95
33	12	36
34	10	73
58	16	13
62	11	23
84	15	47
14	8	19
103	16	102
19	20	12
27	5	9
97	0	13
67	11	78
56	11	16
1	20	16
24	15	101
27	5	5
5	16	24
13	7	81
58	8	16
12	15	32
42	18	37
88	5	29
73	18	23
103	9	23
35	8	1
49	13	80
39	4	7
64	22	81
101	8	41
23	10	62
21	10	51
98	13	71
47	0	6
34	5	24
50	12	43
76	9	22
74	15	94
16	15	18
88	7	87
81	16	100
72	18	31
97	16	45
55	11	84
17	16	79
34	8	38
88	7	81
71	6	54
71	15	47
3	11	30
88	7	84
32	16	87
88	6	86
23	4	41
102	22	99
32	17	91
19	18	68
40	13	60
102	22	92
1	18	76
15	23	15
76	8	48
91	6	51
80	3	5
22	12	24
69	10	78
24	8	19
26	15	82
85	5	14
41	11	68
46	6	103
9	4	82
37	6	76
15	2	86
91	1	11
88	8	1
84	16	89
46	3	51
39	10	90
0	4	29
44	16	45
27	12	30
53	16	66
41	11	95
16	13	67
32	5	16
14	8	45
13	23	13
46	5	13
30	15	29
34	4	67
61	1	72
30	7	96
69	11	84
98	5	14
24	9	14
10	10	55
61	15	25
52	15	40
63	16	40
99	6	67
11	18	55
30	10	103
65	16	80
50	4	1
92	6	51
40	6	57
91	3	53
24	13	75
55	16	14
95	6	67
80	0	15
46	10	77
81	13	82
85	16	92
74	10	57
99	10	70
60	21	76
33	10	70
50	10	83
39	20	19
50	16	25
47	4	24
23	18	73
40	8	20
1	11	9
96	1	87
38	15	0
18	7	55
77	10	63
19	2	49
40	9	25
40	13	62
7	15	22
89	7	71
30	8	21
32	0	53
95	6	52
44	5	29
4	15	24
83	15	88
32	5	12
65	8	32
55	0	92
40	6	58
47	3	62
83	10	82
14	17	68
80	15	89
18	16	69
82	10	63
97	16	55
72	8	14
16	7	65
45	1	49
71	8	26
29	4	5
40	10	76
103	6	85
15	18	14
42	6	66
34	4	19
1	15	94
59	8	6
97	16	9
71	3	82
2	23	2
39	10	86
47	0	54
82	3	67
14	0	100
31	18	37
82	16	99
30	8	1
49	8	26
46	4	1
35	16	37
50	5	3
85	9	16
42	13	88
96	8	26
23	6	63
3	11	11
30	9	3
32	3	54
71	3	86
51	16	14
61	23	61
39	7	54
91	7	63
79	11	95
22	16	80
90	3	51
67	15	79
76	6	55
91	5	21
30	12	33
45	8	30
79	7	59
16	17	66
94	6	67
93	7	69
67	21	77
41	5	5
75	16	46
31	9	25
67	12	8
42	13	103
16	16	40
8	8	33
65	12	14
95	18	28
71	12	4
35	16	71
9	9	5
85	9	50
25	13	103
41	2	47
95	5	7
23	8	0
44	16	96
96	6	94
32	11	44
53	16	71
63	5	3
72	12	20
4	13	57
13	19	28
101	4	55
0	20	48
20	15	35
33	7	56
103	12	31
57	16	30
46	13	66
41	15	96
20	8	22
18	7	57
38	7	85
86	10	73
40	12	23
12	3	55
71	10	72
62	17	11
82	3	52
54	2	42
101	4	7
1	16	103
62	11	30
69	8	23
88	5	46
7	16	53
64	12	23
83	7	65
70	12	32
91	16	83
92	4	14
73	13	67
31	7	86
42	7	73
98	3	1
31	12	36
96	8	32
16	17	51
55	15	22
58	3	82
81	1	10
41	18	69
84	13	86
41	7	82
77	5	13
85	17	21
63	5	13
17	1	73
67	15	75
19	16	24
80	3	71
39	13	81
10	2	69
2	18	13
54	15	78
103	21	94
15	18	32
70	11	65
9	15	75
57	4	50
34	8	11
82	9	4
12	0	46
92	1	65
72	13	59
29	16	47
80	3	28
49	12	50
6	16	20
30	8	9
80	3	10
98	0	63
67	15	27
56	15	18
4	15	89
66	11	84
36	13	68
97	6	83
77	15	100
89	4	79
33	12	30
89	8	43
24	8	1
23	6	85
45	0	9
22	18	43
18	7	58
35	7	57
101	4	5
47	7	80
84	3	2
74	10	66
13	16	67
83	3	61
94	11	33
45	4	48
95	12	24
5	12	15
9	16	32
96	6	99
95	8	12
75	16	8
38	10	99
26	3	79
70	12	35
40	1	6
86	13	51
90	5	13
85	8	22
33	10	91
33	16	2
23	16	81
37	20	8
90	21	74
59	8	43
73	16	38
87	2	45
89	1	60
16	17	84
19	16	26
60	10	80
79	8	30
80	15	88
93	16	96
3	11	62
32	15	101
5	2	78
17	17	81
24	13	99
56	17	7
94	6	51
43	13	85
48	16	70
51	3	85
12	16	65
41	7	83
90	8	40
16	16	70
56	16	70
27	8	17
47	0	76
75	8	20
31	12	18
88	8	28
84	15	41
37	16	3
54	18	7
21	16	93
51	11	55
84	22	95
48	16	99
13	7	58
93	7	84
33	5	19
40	17	89
6	8	13
2	7	61
100	1	53
6	20	30
68	13	53
29	7	68
86	11	98
46	20	49
25	15	84
76	2	42
8	18	35
99	8	12
99	8	34
20	15	100
50	8	11
86	5	18
9	15	92
36	18	8
84	21	85
87	13	83
78	6	76
92	4	13
70	11	40
89	7	74
42	18	87
24	5	2
80	9	17
70	7	56
40	17	88
29	10	85
88	12	41
0	15	92
39	3	57
102	18	22
91	11	42
56	4	28
101	1	17
52	2	87
52	22	64
5	2	81
2	11	12
18	17	99
95	16	15
71	8	30
7	20	20
58	1	28
2	11	34
102	1	9
46	7	99
96	10	72
54	11	25
45	6	95
78	11	43
69	23	69
30	4	11
86	21	69
92	7	83
86	13	84
43	10	69
87	11	43
19	4	29
0	9	19
30	12	27
20	11	63
79	11	40
32	7	55
82	5	26
1	16	32
5	11	1
65	22	69
11	20	23
60	4	41
79	12	14
4	17	96
20	7	79
101	6	97
64	22	67
14	11	103
69	7	98
4	8	11
39	7	76
42	4	14
42	1	25
24	8	28
52	13	85
10	15	38
84	15	27
96	13	98
58	3	39
34	9	16
47	4	26
67	8	3
22	9	31
23	11	100
58	11	7
58	23	58
19	17	86
24	13	79
68	15	45
16	20	7
46	9	17
7	18	54
90	21	96
24	10	97
75	22	66
92	5	5
57	3	48
52	3	80
87	1	51
53	0	36
13	4	92
98	7	99
61	13	63
83	12	45
82	15	44
7	15	27
47	18	1
47	6	66
28	18	92
18	1	97
21	16	26
12	0	98
44	3	65
69	3	34
21	16	24
17	12	49
52	15	75
6	16	16
14	7	52
73	8	6
35	15	98
98	8	27
74	9	43
5	20	20
68	12	26
17	9	4
71	1	61
12	15	26
11	20	13
22	8	48
77	7	84
76	5	10
96	3	56
22	10	75
13	8	1
73	1	15
30	17	91
30	17	92
66	5	22
19	16	93
81	18	33
49	1	57
69	22	99
49	10	74
29	3	51
56	15	88
55	4	50
46	15	97
65	15	78
58	7	97
84	7	53
15	7	91
26	18	8
2	2	59
86	18	13
64	2	47
17	15	26
81	8	35
57	11	9
103	5	48
11	20	24
64	5	21
4	9	17
33	16	39
57	11	45
86	18	32
0	2	66
83	9	50
10	15	95
0	9	1
63	17	10
62	16	28
14	15	83
72	22	95
72	17	16
79	7	80
90	5	32
80	5	13
14	15	86
36	18	63
97	10	100
68	15	81
36	23	36
2	15	30
16	9	15
37	18	33
46	5	26
29	5	30
68	10	64
50	9	34
77	15	44
6	1	75
36	12	22
50	18	26
58	15	42
96	6	64
65	1	92
13	8	5
28	11	87
10	15	41
71	1	5
80	16	47
101	5	26
63	7	87
74	6	54
40	7	63
67	7	59
101	1	80
6	16	73
80	11	86
65	18	37
85	16	94
58	3	46
98	7	79
52	16	93
74	18	25
81	14	29
35	0	13
8	2	29
65	18	43
18	17	94
99	9	22
97	1	53
3	15	46
92	6	67
37	7	103
90	13	66
74	15	31
11	4	100
62	15	59
88	4	25
99	9	41
40	10	94
65	8	8
70	12	36
58	7	89
46	3	58
56	16	79
95	5	19
70	22	72
13	3	54
81	14	48
56	16	33
70	18	43
51	15	76
61	11	66
52	15	22
92	22	87
22	10	91
0	15	31
37	18	99
95	6	57
90	21	71
5	17	85
67	10	61
98	9	29
49	11	43
78	13	63
50	4	61
72	10	66
89	18	2
68	9	11
45	3	59
71	1	55
84	10	71
31	5	0
26	16	37
34	16	41
7	16	35
51	2	78
52	7	53
39	6	89
54	23	54
65	11	33
40	4	3
29	16	95
99	10	94
8	18	53
77	23	77
20	16	27
22	6	61
64	15	45
82	16	31
26	18	85
43	1	0
54	15	37
92	17	26
65	15	72
6	1	91
54	2	41
47	1	31
90	0	4
80	8	22
93	12	42
90	4	9
75	10	79
69	1	21
91	18	28
77	7	65
42	17	97
36	9	24
96	21	86
77	18	30
43	9	49
61	15	33
77	4	57
93	12	40
6	11	64
10	9	0
94	10	70
70	12	23
35	16	43
35	18	50
4	15	97
10	18	47
89	15	98
73	2	90
101	1	59
23	16	61
54	18	21
73	13	81
14	6	56
56	16	54
21	0	96
80	11	46
87	5	11
87	1	58
67	15	47
47	16	63
84	1	7
62	2	100
11	4	89
67	17	50
72	18	38
70	3	44
101	13	66
97	4	79
88	7	71
73	13	84
37	10	78
94	10	91
4	12	49
13	7	57
60	1	93
50	15	23
17	11	16
50	4	19
8	15	23
7	15	41
36	7	96
72	7	53
103	1	97
91	7	98
84	10	67
46	1	15
94	6	66
12	13	74
75	10	76
54	22	67
83	7	79
87	6	79
41	5	9
40	17	93
4	16	79
97	5	48
74	9	1
80	16	31
7	3	63
74	13	83
29	17	102
22	1	41
35	9	18
46	4	5
1	2	49
59	11	80
21	10	52
25	4	36
48	3	51
69	8	13
35	18	86
12	5	13
42	10	70
70	11	92
5	10	57
98	10	90
65	10	54
45	5	25
75	7	86
82	3	28
89	10	103
86	8	11
48	15	103
1	25	29
82	6	53
36	20	11
3	5	12
84	8	13
19	16	35
39	12	43
86	9	48
63	11	80
5	4	82
35	20	38
20	20	7
86	10	77
18	17	68
95	9	27
47	1	38
51	21	73
39	13	66
46	7	65
27	11	41
20	3	52
58	15	95
11	11	22
37	16	44
63	4	57
98	21	96
83	3	58
66	5	6
43	1	9
62	15	4
80	16	79
86	7	68
10	17	59
10	15	25
98	7	78
39	16	38
48	9	46
66	16	24
57	11	61
35	16	81
49	6	76
76	4	100
93	9	26
33	18	37
89	9	18
71	1	10
83	11	98
16	16	95
23	16	28
44	8	37
36	8	10
9	4	46
23	16	69
2	7	68
83	17	37
37	18	91
99	4	14
64	16	83
9	11	84
60	21	64
19	2	102
91	3	24
10	2	66
61	22	64
71	12	46
78	13	77
98	7	84
101	4	0
2	2	101
28	17	83
35	23	35
42	6	55
39	16	41
92	8	29
0	2	81
72	1	7
4	13	67
23	16	37
44	6	90
41	5	7
36	9	26
7	2	66
7	4	29
42	5	19
17	5	3
28	18	94
74	10	71
48	8	25
7	16	60
99	16	2
86	7	76
31	17	97
89	21	70
16	17	78
21	15	27
37	10	67
54	16	77
46	15	89
56	16	99
46	13	81
73	16	91
9	1	71
102	21	90
48	3	78
49	18	99
31	4	14
66	9	19
20	16	92
58	13	85
80	3	87
56	11	59
30	9	14
97	6	80
54	15	81
61	15	95
80	5	23
44	5	12
97	15	98
25	18	74
84	13	83
51	11	1
87	8	13
23	16	84
23	15	83
43	13	63
34	10	63
5	17	59
35	11	36
12	20	0
33	12	18
90	16	76
70	22	78
95	16	8
74	2	45
65	16	29
84	16	88
2	3	45
78	16	24
69	6	76
21	15	47
20	3	57
49	18	22
43	16	24
45	4	12
40	12	18
70	13	53
9	12	8
54	2	40
4	16	40
91	6	67
17	17	96
26	5	20
77	4	19
55	21	80
90	6	97
11	15	67
37	4	56
75	8	34
29	16	27
54	16	15
93	10	103
23	16	55
101	8	40
2	16	95
29	12	45
33	18	49
1	18	68
60	1	88
24	8	43
65	1	47
83	3	57
48	3	67
14	16	71
82	16	91
37	10	81
47	13	88
53	16	49
69	6	68
58	13	101
67	11	49
81	22	95
22	4	13
98	1	15
14	8	5
27	6	52
29	13	72
45	1	55
68	11	99
50	6	62
101	4	10
52	16	35
40	23	40
20	7	78
90	10	82
5	16	14
87	13	85
92	8	20
12	16	70
89	16	58
35	12	41
57	15	76
21	11	81
61	11	1
53	15	12
5	11	61
56	11	48
8	17	81
99	7	62
102	10	87
21	4	90
37	12	16
7	16	103
35	9	24
94	13	62
37	1	0
25	10	95
38	7	63
46	3	52
37	16	93
34	8	42
34	10	80
17	16	68
61	16	3
57	1	43
72	13	83
39	3	58
35	4	47
12	20	9
101	23	101
44	20	33
24	15	46
24	5	12
33	10	94
3	16	72
66	8	30
56	21	58
64	17	30
54	11	64
29	17	69
67	16	100
82	11	90
11	4	88
15	3	51
45	0	52
69	22	94
54	16	20
75	11	92
43	18	65
7	3	85
40	6	61
15	16	68
48	8	22
7	20	12
45	7	100
60	16	96
18	5	20
88	13	70
18	11	32
73	1	12
92	10	94
93	13	95
91	22	87
46	13	78
75	16	15
5	15	40
28	16	97
19	18	6
37	20	17
67	3	82
61	15	68
69	13	101
97	8	49
94	6	57
46	13	71
33	16	83
93	7	67
83	9	17
0	17	59
21	13	80
93	18	15
66	7	60
34	7	92
74	16	32
77	17	10
30	16	43
61	16	26
12	3	67
25	15	71
92	8	17
61	7	89
40	1	54
54	3	14
95	22	102
78	10	74
70	16	48
90	13	78
21	5	11
99	8	48
64	8	15
62	15	77
81	22	75
54	16	50
20	17	66
44	11	97
17	20	37
60	16	21
99	21	97
56	17	10
59	7	71
101	5	36
95	5	1
82	4	21
50	10	82
80	15	32
96	6	91
66	15	42
29	16	6
20	6	62
14	15	77
4	7	78
94	11	27
34	18	62
57	3	46
99	8	17
70	8	15
35	7	58
73	8	22
22	16	73
94	7	85
61	1	87
3	15	77
33	6	58
56	16	38
65	3	97
25	10	65
46	1	8
82	11	80
75	5	5
24	9	30
23	5	8
31	6	55
91	7	59
11	18	9
20	11	59
16	17	72
44	10	103
75	9	31
29	11	34
39	7	92
38	5	19
99	3	53
59	7	96
57	15	79
6	17	53
101	1	4
9	1	78
22	5	0
69	16	93
55	12	1
15	0	80
81	1	58
35	8	5
88	4	76
26	13	70
64	2	91
1	17	80
1	8	44
31	5	9
80	11	73
16	7	71
54	16	17
79	22	74
75	12	32
78	7	53
34	15	93
19	20	17
49	18	95
64	23	64
101	4	57
49	18	40
62	7	70
86	1	16
71	16	44
98	6	97
20	16	31
96	6	76
31	9	27
44	20	27
73	17	1
20	10	56
0	16	36
5	16	13
65	15	84
83	6	103
22	18	87
44	20	40
10	20	8
36	9	32
22	18	57
79	5	21
85	9	12
38	16	90
57	11	58
42	9	22
36	13	79
77	9	50
26	5	29
77	16	68
11	8	15
31	13	103
65	11	95
80	3	9
66	10	52
6	1	42
66	13	77
59	7	66
103	22	63
1	4	63
41	10	64
57	3	98
25	10	64
16	11	63
65	15	96
24	8	9
78	14	17
29	16	41
95	12	26
73	18	26
2	11	83
38	20	35
20	15	89
15	7	55
8	4	45
28	1	5
96	3	8
6	11	22
34	7	91
69	18	42
48	15	100
58	11	67
87	18	38
95	1	11
89	16	7
12	7	92
37	8	26
27	12	26
97	17	27
68	16	20
81	11	69
81	18	27
17	10	56
57	11	74
95	7	80
77	16	94
15	3	66
66	2	45
35	5	2
8	15	60
87	9	28
49	13	73
14	15	73
56	0	98
66	6	68
45	16	13
63	3	51
88	7	72
57	11	52
51	7	97
74	16	18
10	16	26
1	25	39
62	16	33
43	18	99
7	2	102
62	7	79
92	12	18
3	15	20
21	15	40
92	7	93
3	14	22
24	8	21
68	12	35
16	0	101
82	11	29
36	18	15
24	7	61
91	5	9
44	18	86
69	11	74
82	21	71
71	13	77
18	16	78
35	13	68
12	4	28
64	8	34
38	20	26
96	16	100
54	15	84
21	4	82
28	7	103
32	9	23
14	15	29
100	4	76
18	5	17
20	11	17
0	2	87
21	4	73
93	4	79
18	16	71
31	23	31
72	16	88
45	7	97
11	16	50
88	8	7
67	16	32
53	8	45
65	6	67
75	16	90
27	17	97
16	9	8
52	2	102
91	16	90
14	0	93
3	7	96
8	8	47
17	20	0
101	8	38
4	6	62
19	0	45
12	3	57
88	1	53
87	10	71
51	2	37
56	21	51
90	5	24
19	16	3
48	16	94
19	15	42
32	16	78
5	20	4
48	0	15
102	1	51
40	16	39
96	16	62
41	7	85
11	15	81
14	0	88
8	18	3
18	10	93
43	16	97
84	1	10
83	10	77
75	5	19
30	6	59
55	11	10
15	7	61
6	16	46
99	8	15
20	16	51
25	9	6
20	7	64
48	3	74
55	16	48
28	18	40
19	7	100
10	15	79
15	17	96
103	10	60
35	7	96
91	16	46
37	18	42
41	16	12
58	15	76
2	11	80
42	7	77
98	7	70
45	4	63
79	8	50
62	13	92
81	11	87
61	11	84
54	16	16
54	16	98
38	16	56
43	18	42
35	7	84
52	23	52
69	8	36
33	15	96
87	22	70
44	16	7
11	7	82
44	16	21
11	16	39
42	8	34
89	9	24
45	6	94
30	9	32
50	4	52
54	18	9
95	7	100
0	4	98
97	7	84
28	11	43
51	3	63
8	2	83
27	13	88
94	1	11
67	5	11
102	8	36
61	15	94
12	15	23
96	16	93
86	17	28
48	9	17
59	2	101
30	16	49
46	20	28
57	3	29
57	7	53
9	20	16
78	8	23
53	0	30
8	17	74
2	7	55
0	2	49
84	8	34
47	18	19
53	16	57
12	19	25
19	15	65
80	3	52
87	8	18
18	15	98
77	8	37
97	16	96
79	11	27
7	15	64
60	16	37
36	8	5
53	22	101
72	16	44
27	11	42
60	3	33
71	11	43
57	13	77
97	5	50
87	8	35
42	1	47
8	14	9
26	13	65
85	16	99
87	9	21
55	11	53
22	17	89
63	21	74
43	4	56
22	7	62
18	6	77
83	7	95
46	8	31
54	5	0
32	5	48
15	8	41
10	9	5
65	11	79
25	5	0
46	9	16
55	16	3
58	13	63
15	7	75
21	15	75
36	13	76
36	9	3
64	10	68
102	13	86
65	17	3
2	2	77
94	7	63
15	11	16
9	15	95
72	5	25
82	3	57
84	3	48
15	17	74
34	9	48
38	16	101
103	13	64
81	13	85
94	5	10
21	4	46
19	18	11
28	12	16
4	12	37
72	22	92
87	15	65
101	7	92
103	10	100
34	3	58
54	16	34
57	15	75
101	5	24
78	16	88
39	4	0
24	15	82
32	15	46
6	8	2
54	15	66
21	15	70
98	4	21
93	5	12
58	2	71
21	11	102
102	22	95
94	1	76
103	7	61
14	16	84
65	6	52
36	17	92
56	3	66
38	11	41
93	12	38
92	16	56
38	18	102
65	8	23
33	6	66
100	7	69
89	21	91
59	16	31
32	7	52
79	7	77
28	6	76
14	8	21
99	7	56
49	18	42
0	18	47
30	7	67
22	5	19
26	16	71
6	18	51
56	16	11
61	15	42
42	11	40
99	9	31
62	16	22
55	1	72
57	1	49
67	16	36
100	7	78
42	5	5
18	18	2
101	7	70
100	4	68
37	8	36
97	21	94
88	16	51
34	4	9
59	13	52
60	1	13
81	8	18
81	4	12
79	8	15
77	11	86
60	7	51
70	21	89
12	7	91
32	7	51
75	18	28
41	12	26
56	1	86
59	17	0
66	11	49
18	8	21
21	18	54
31	6	52
6	15	37
12	15	89
77	7	96
35	9	30
84	13	63
42	17	89
89	17	40
16	11	85
16	8	37
14	10	53
82	3	51
60	15	82
102	1	61
92	10	70
65	16	101
84	13	59
45	0	21
32	17	92
32	9	26
97	4	6
45	3	56
84	10	69
73	17	43
85	15	97
33	8	8
66	17	20
55	8	23
76	11	79
83	8	11
27	1	6
33	12	26
89	16	9
77	16	38
53	0	103
6	18	58
59	15	36
27	15	96
56	15	26
66	8	32
19	15	41
18	9	23
5	11	66
47	1	94
43	18	92
34	10	83
3	15	83
64	17	36
54	2	75
53	11	60
43	6	79
60	21	92
60	22	59
88	5	20
6	4	44
41	7	73
68	6	55
33	6	74
101	6	62
14	15	16
25	8	8
13	6	98
8	7	57
85	7	64
35	16	87
13	0	30
32	4	47
8	18	93
25	7	85
76	5	0
68	2	47
51	2	87
94	22	71
16	20	21
74	10	61
82	16	33
1	17	56
19	11	9
21	20	4
57	8	4
98	7	66
94	8	46
49	9	37
2	15	35
4	2	86
52	13	90
75	22	78
22	12	23
54	3	88
3	11	18
92	10	68
80	15	18
16	13	57
67	11	72
19	15	94
32	0	13
101	1	16
85	13	67
9	1	72
66	10	71
67	9	7
99	6	57
37	13	59
44	9	32
21	16	18
65	7	53
72	10	84
19	16	103
36	4	47
102	10	71
72	1	55
24	4	47
15	17	102
18	17	79
60	7	52
57	12	8
30	15	34
74	4	101
25	15	28
1	2	43
0	12	8
64	11	40
85	11	83
15	14	1
63	15	97
50	16	76
48	3	57
89	16	96
35	7	67
68	2	91
103	0	13
26	5	48
60	15	98
101	7	91
89	7	81
88	7	78
28	1	0
44	5	17
92	18	49
7	3	77
102	8	41
7	15	31
18	6	80
98	0	56
79	15	87
27	10	65
100	7	71
18	16	49
45	5	33
1	16	24
71	7	103
12	15	35
39	5	24
28	8	32
57	15	65
60	8	0
85	16	27
75	7	97
3	10	53
102	8	14
76	2	38
22	10	68
46	7	94
101	1	86
7	7	89
43	10	78
35	16	49
17	17	66
43	2	45
83	5	14
24	23	24
51	8	16
96	10	84
32	13	65
79	16	98
18	17	92
34	7	54
83	7	87
97	10	88
70	11	33
70	15	96
65	16	16
49	11	102
33	23	33
91	22	78
89	9	30
5	15	38
61	16	24
61	16	32
8	2	34
45	6	92
43	10	84
29	9	20
23	13	92
77	4	58
2	16	22
7	2	74
91	7	73
65	16	77
9	4	34
81	1	51
28	12	39
22	12	14
9	20	48
92	1	54
74	22	76
87	13	63
62	11	35
102	12	16
16	8	47
31	7	63
92	7	77
62	8	41
84	5	11
15	2	82
80	3	7
84	8	36
52	16	18
55	3	98
21	11	43
99	16	39
60	16	81
2	3	74
102	8	18
59	5	3
57	16	14
47	18	57
93	1	60
7	3	80
90	13	72
67	16	30
71	3	8
38	6	55
58	8	23
57	16	35
86	17	5
88	18	15
96	13	83
55	1	28
70	8	4
23	1	88
2	3	102
26	7	84
102	6	76
41	5	1
34	3	57
79	13	62
77	16	99
34	15	100
69	12	50
15	7	95
74	9	10
1	11	7
83	5	35
8	20	37
25	10	79
1	11	67
24	7	78
27	10	94
59	16	41
63	16	25
99	8	29
94	22	69
91	16	16
18	16	102
30	15	90
13	7	84
102	22	70
58	15	31
80	15	35
83	23	83
28	3	56
79	12	36
62	15	20
69	13	73
61	8	23
24	8	45
63	4	55
55	1	102
1	12	8
96	3	15
71	2	45
53	16	58
53	16	67
30	16	37
61	11	45
19	11	1
92	10	91
56	4	43
21	20	2
41	3	53
84	6	79
67	16	103
80	16	91
87	11	74
43	1	58
94	11	95
78	18	31
11	18	7
20	7	71
53	18	20
51	18	6
79	15	96
39	0	12
34	6	60
32	11	35
31	10	94
38	10	75
74	21	86
22	10	99
74	16	26
31	8	16
15	17	78
23	16	67
73	16	95
28	18	65
91	16	12
64	13	97
22	16	101
7	15	92
41	10	54
60	10	53
32	15	90
3	4	99
72	22	70
35	8	9
26	11	44
91	11	95
37	12	4
13	18	86
94	3	53
54	4	44
26	4	47
63	7	102
68	15	102
26	11	35
68	2	38
24	8	10
42	11	94
54	3	3
22	9	6
77	16	92
103	13	99
68	15	96
26	20	11
60	9	14
36	5	12
70	21	97
36	16	69
5	1	43
97	17	38
86	4	21
79	6	51
100	15	101
50	10	59
87	11	66
100	8	37
10	12	2
20	1	15
62	18	34
46	5	18
92	7	73
35	5	20
27	18	71
30	18	77
39	0	59
6	16	82
35	7	74
57	11	67
103	5	20
19	16	60
102	5	6
92	13	89
17	0	39
88	7	67
52	8	44
52	3	20
40	8	29
10	20	48
64	11	41
71	3	101
59	16	75
12	15	62
96	7	60
48	15	36
65	16	17
64	7	56
85	15	103
34	5	26
18	16	72
89	7	102
53	18	2
26	10	93
32	17	64
74	22	64
71	13	98
18	7	74
64	11	92
58	3	12
2	7	81
38	13	60
61	1	37
62	8	38
72	8	30
48	20	10
15	7	57
103	8	9
10	4	98
12	8	38
73	18	44
38	15	45
71	8	3
47	18	10
50	5	14
12	3	58
1	11	66
35	10	62
10	2	71
102	13	98
97	18	2
78	11	96
7	4	73
70	8	2
72	1	52
98	7	102
61	14	59
95	6	51
46	11	90
30	5	17
16	1	2
40	16	98
93	7	55
40	20	36
11	8	12
59	17	21
45	23	45
18	16	44
83	8	40
66	15	94
93	12	47
101	13	72
70	6	61
60	8	5
75	10	94
8	18	14
24	7	84
82	16	94
51	11	19
87	1	55
74	12	29
15	8	33
71	22	92
90	21	102
80	3	57
43	8	46
88	9	18
46	11	39
91	22	71
29	1	15
34	16	47
41	6	61
61	18	47
3	23	3
83	1	15
3	7	61
9	10	57
32	11	89
70	22	71
41	4	3
37	5	6
4	8	38
41	6	52
0	15	94
66	8	13
86	5	14
30	5	15
50	17	72
17	16	22
30	0	53
25	6	67
42	18	72
1	11	52
27	6	61
58	22	64
55	15	42
88	12	27
94	22	81
53	15	82
26	7	67
71	11	49
41	11	91
41	7	80
0	2	28
53	3	91
80	13	78
1	20	17
41	17	97
2	15	32
60	16	43
57	11	7
0	16	24
33	8	29
33	8	48
23	16	57
31	5	1
101	22	93
38	5	9
49	1	0
45	5	6
53	16	43
10	16	18
79	3	3
86	21	57
50	17	74
69	18	41
90	17	37
47	6	71
45	8	26
18	10	88
29	4	19
15	18	88
15	16	22
69	22	92
66	16	100
2	2	63
45	4	83
27	20	44
22	6	58
56	4	102
64	3	62
57	15	95
25	18	1
31	7	56
12	16	94
11	18	5
29	4	21
44	1	53
62	18	2
1	10	51
70	11	68
96	0	19
47	16	16
93	1	23
53	0	24
21	15	91
99	7	85
79	9	22
92	8	46
5	16	26
69	10	72
70	7	77
1	2	78
93	7	81
63	8	49
22	6	67
61	16	18
18	9	26
79	18	5
73	1	16
57	7	63
78	8	14
33	13	93
75	6	58
1	12	15
2	18	18
66	1	10
32	15	83
83	5	30
63	23	63
67	16	44
41	8	17
48	10	83
41	17	100
48	20	5
21	4	39
83	3	52
97	22	86
18	6	86
29	20	28
32	9	24
13	13	68
56	16	92
26	11	30
79	10	54
73	4	7
41	16	8
57	11	10
59	2	90
56	16	31
65	5	5
64	17	18
42	12	24
15	15	23
13	7	72
98	5	26
13	15	77
33	18	87
29	11	80
95	10	94
80	16	42
54	4	24
4	16	33
100	17	38
71	12	16
30	7	66
73	16	42
31	11	92
94	13	88
13	13	79
23	17	75
83	4	10
30	7	58
20	8	25
67	3	56
57	21	85
41	8	20
50	7	91
86	18	26
84	6	54
2	7	54
20	20	21
83	9	29
101	13	96
67	10	58
62	15	50
71	1	0
52	16	103
26	13	64
38	10	65
5	20	16
50	4	58
11	18	61
101	1	50
72	13	86
88	23	88
20	8	6
32	15	29
65	1	64
19	15	70
34	15	32
7	20	8
94	1	54
32	13	94
21	4	101
83	8	33
16	16	68
52	3	56
61	15	31
97	1	32
59	9	20
86	18	35
2	15	26
41	11	79
64	16	46
26	3	76
66	11	74
78	10	67
57	7	59
31	15	96
67	11	66
38	16	16
71	5	25
51	15	42
100	7	102
10	2	81
38	5	7
29	4	52
46	5	14
31	5	7
16	15	88
10	17	80
17	15	35
88	12	42
21	12	15
68	15	78
22	17	60
95	9	38
93	22	101
82	13	66
42	12	35
1	2	87
29	1	8
11	2	31
102	1	1
23	16	21
57	16	18
101	16	54
0	11	10
99	7	88
92	22	72
67	15	65
82	11	48
71	10	81
44	4	6
94	7	73
26	15	101
20	0	39
89	6	90
40	9	41
7	15	65
49	6	79
34	9	4
22	10	94
51	7	88
88	6	56
58	11	10
80	13	21
10	15	27
67	15	31
94	7	77
101	10	83
48	16	95
10	8	44
87	3	34
55	3	83
17	16	27
37	17	86
28	18	41
79	15	78
38	18	87
56	15	60
72	16	93
94	8	48
64	15	84
82	7	54
95	10	91
98	18	23
71	16	93
83	4	5
36	16	71
55	15	38
31	13	60
85	8	11
13	20	38
67	10	57
43	17	101
60	11	32
9	10	55
3	4	40
46	13	84
67	16	24
39	13	71
25	8	15
28	16	100
55	13	77
40	18	37
24	5	17
59	8	28
82	4	9
70	7	93
45	0	67
69	1	1
31	5	5
65	13	62
91	1	47
43	16	44
3	4	27
64	22	78
44	5	50
35	10	88
102	3	34
53	8	7
9	16	13
52	15	79
88	22	90
100	5	17
15	14	19
101	8	27
35	9	26
5	4	29
102	1	58
32	8	9
101	7	75
77	7	78
86	13	72
42	11	92
15	18	93
95	9	42
80	16	64
50	4	57
37	12	39
71	8	35
56	21	61
18	18	8
94	2	47
88	8	43
77	11	73
28	1	57
6	5	0
56	1	82
54	3	18
12	11	16
10	16	62
103	18	8
96	13	77
47	5	49
12	18	97
13	20	42
102	3	80
89	0	3
16	11	29
24	6	59
74	16	89
85	11	73
7	16	24
63	18	32
77	18	26
25	9	22
78	7	62
70	12	26
61	3	86
84	9	9
22	16	50
11	16	63
2	2	85
87	16	44
94	16	8
29	9	2
80	16	33
80	9	2
41	11	70
79	4	100
32	14	27
62	15	17
77	8	47
92	22	66
51	11	0
58	3	98
15	11	85
18	20	6
29	23	29
39	7	68
100	17	42
48	16	92
59	11	83
78	1	0
59	16	92
38	16	83
23	20	33
44	17	94
82	16	92
69	13	59
19	12	8
102	5	25
18	12	22
11	7	56
15	2	98
64	11	27
66	13	98
65	11	25
1	15	95
44	6	63
5	15	75
58	18	11
55	16	32
50	15	100
70	11	22
30	9	44
86	13	66
41	10	55
76	8	8
58	15	41
46	7	68
26	7	55
97	21	70
9	0	45
25	15	96
31	8	20
72	11	45
83	15	97
80	15	93
67	3	80
8	16	6
14	15	63
22	5	7
52	11	66
83	7	76
85	9	15
66	12	39
63	9	8
30	5	4
57	7	97
43	10	71
99	10	68
76	8	24
46	10	85
71	23	71
35	15	83
78	22	91
92	8	39
79	16	34
9	16	30
15	15	13
102	8	46
77	18	36
77	16	42
33	6	51
15	18	35
10	15	92
58	11	21
78	16	44
38	1	79
74	4	56
56	15	103
83	17	43
49	17	90
26	5	12
44	16	0
30	6	56
25	6	52
100	7	87
27	8	12
79	6	58
24	9	3
68	16	82
34	17	66
101	5	44
101	13	84
38	7	80
59	11	48
23	1	53
49	10	84
25	16	101
4	7	102
47	8	27
56	15	36
1	16	93
8	16	70
4	10	56
42	7	63
6	18	19
21	7	100
13	4	22
81	13	73
55	16	60
99	16	101
72	11	43
38	5	5
21	1	71
84	22	70
33	6	84
13	1	24
90	9	34
25	5	21
45	0	7
2	7	57
17	15	18
57	1	28
75	7	89
100	5	46
4	11	77
46	7	79
85	15	89
20	11	83
13	8	0
30	13	76
45	0	1
6	15	71
3	11	36
26	15	46
28	11	84
69	7	62
6	8	23
11	16	17
77	16	41
73	21	61
66	7	90
25	10	99
14	16	72
38	16	98
26	14	31
96	17	29
73	16	31
63	11	82
89	22	73
71	11	84
89	6	85
70	16	86
96	23	96
18	16	81
92	7	63
29	3	57
77	16	31
67	7	85
37	18	92
99	10	64
51	16	23
90	1	59
5	18	11
65	7	103
73	16	41
86	21	67
38	9	22
16	1	73
26	16	102
71	17	34
36	8	9
63	22	103
73	10	59
32	17	70
27	10	64
5	18	47
60	3	25
101	21	102
86	17	1
1	2	102
18	16	28
98	16	38
25	9	27
42	5	0
51	17	12
4	13	52
33	5	21
36	5	2
89	9	35
59	8	47
12	2	77
22	16	83
68	7	77
87	8	30
93	11	100
66	21	85
8	7	91
81	6	64
100	6	80
52	2	71
37	17	82
82	16	95
63	16	79
15	2	46
74	7	62
23	18	39
84	15	91
64	18	19
68	16	101
74	16	100
44	9	30
85	15	23
34	3	51
100	16	10
55	4	101
42	16	50
25	5	7
31	18	87
100	5	8
73	10	63
92	6	58
66	11	81
18	6	85
58	15	68
90	11	98
85	13	69
47	8	34
58	1	43
93	5	46
47	1	64
99	7	77
92	6	74
100	16	96
31	7	73
16	17	55
3	18	8
85	16	38
81	12	39
69	1	55
69	22	91
19	11	58
9	18	76
83	16	47
9	17	86
15	16	6
91	13	93
94	8	17
74	1	0
67	10	51
26	8	45
32	16	72
13	15	20
82	10	85
53	11	3
85	10	56
84	18	40
51	9	7
91	16	15
22	8	46
71	18	42
76	6	61
18	10	89
8	11	2
36	17	91
21	16	32
100	8	43
35	11	103
5	11	52
68	12	32
87	8	36
100	6	59
17	16	47
94	13	97
58	16	103
71	7	53
58	21	80
98	8	37
80	7	65
30	9	36
16	11	83
94	12	18
67	9	21
50	4	45
80	3	19
68	12	30
53	3	41
14	16	69
81	1	9
22	10	70
49	18	91
88	7	66
40	7	56
82	5	36
69	13	63
36	14	41
67	8	4
71	1	58
64	15	96
29	5	3
75	7	80
8	11	17
78	1	7
94	8	16
14	16	43
9	16	18
16	15	30
87	18	41
76	11	31
24	6	77
69	22	95
32	12	22
99	16	46
23	3	91
11	15	37
73	0	2
53	13	64
10	16	30
76	4	97
16	1	86
13	4	40
100	17	27
66	10	61
4	1	2
93	7	72
7	16	30
37	18	70
15	7	99
58	10	61
37	18	94
31	7	80
20	5	3
19	15	22
34	15	89
90	16	79
75	7	77
31	13	93
98	7	65
103	22	73
77	17	0
38	17	103
54	15	45
62	15	80
37	8	32
91	13	60
77	17	21
90	8	31
79	9	11
61	21	56
48	5	23
31	13	88
77	16	91
55	16	13
20	15	26
94	6	61
100	17	41
70	11	76
29	5	36
59	15	18
0	10	57
51	3	82
29	11	48
86	21	71
45	13	73
27	18	69
100	1	62
73	21	71
25	7	59
62	7	51
84	9	5
88	0	13
42	6	74
77	4	61
34	15	97
45	12	34
11	20	14
5	12	2
84	9	37
65	21	89
41	12	30
9	18	6
71	11	87
102	3	2
66	22	92
88	7	61
98	8	40
83	8	22
53	0	18
87	18	33
2	8	5
103	12	22
30	7	81
78	1	51
36	11	44
28	13	59
76	15	84
44	6	77
1	15	41
5	11	55
13	15	101
93	13	91
30	8	7
9	4	42
49	8	32
41	12	32
66	9	1
79	0	47
39	5	3
49	16	100
100	9	24
28	17	73
77	15	89
74	3	48
30	9	35
36	16	87
32	11	36
36	8	21
76	12	32
70	11	27
101	4	21
20	11	4
43	8	32
78	5	25
88	5	12
72	18	42
73	9	29
76	12	26
21	16	30
63	7	66
40	1	65
70	8	16
3	15	98
86	9	29
23	13	68
35	16	28
65	3	88
52	18	25
29	4	0
3	6	56
47	4	23
30	13	68
7	4	46
81	13	90
41	18	51
14	10	62
50	9	48
38	13	62
24	7	52
43	18	22
86	7	65
0	4	39
34	1	15
9	8	44
41	11	42
22	18	49
21	11	84
84	8	39
93	5	50
20	15	18
12	19	31
77	21	67
45	8	18
62	2	89
53	18	15
40	7	80
93	8	19
93	10	88
67	3	73
49	6	64
61	18	11
8	7	94
70	8	17
62	15	86
64	22	72
77	8	6
20	17	67
88	0	3
68	7	80
53	8	25
98	7	95
40	5	0
86	22	97
94	13	89
40	6	51
74	15	99
58	3	86
43	8	39
62	2	44
94	5	0
87	12	16
14	15	59
99	6	66
85	17	9
35	7	51
97	17	41
97	13	92
88	5	50
90	4	61
59	0	98
55	15	95
88	5	48
32	16	71
73	6	60
3	25	25
64	8	12
54	18	19
19	20	48
53	13	54
45	6	75
102	1	5
28	5	11
25	16	2
76	15	72
42	18	71
36	7	55
37	1	52
100	5	48
88	8	9
73	5	18
90	0	17
44	17	95
29	20	49
86	13	81
69	17	15
15	0	48
46	16	6
101	9	34
76	6	51
103	3	6
88	5	2
86	8	47
37	7	62
29	4	7
64	13	60
75	16	18
52	15	91
84	1	0
60	8	19
38	4	13
20	16	91
90	6	60
61	16	13
31	16	98
15	15	97
89	13	64
21	20	16
9	20	12
1	15	65
61	15	76
8	20	7
69	17	8
8	18	32
27	6	74
17	7	65
34	15	36
48	16	38
42	7	98
16	7	91
69	22	65
24	13	68
78	1	58
74	15	42
57	11	0
3	4	95
30	13	75
63	16	42
95	4	14
23	5	16
28	18	38
103	9	18
23	3	65
27	7	85
0	7	89
87	1	19
2	2	17
51	7	53
9	15	65
47	1	42
16	18	53
18	0	13
15	17	71
11	16	77
46	3	55
74	2	96
75	7	73
37	1	7
30	13	70
25	15	87
43	1	1
94	11	99
84	23	84
24	8	5
69	8	30
82	16	42
37	1	55
15	2	34
87	4	56
0	11	21
40	10	102
67	11	43
23	15	80
60	11	103
13	15	83
9	4	83
7	20	17
1	2	37
61	15	54
20	17	84
98	9	34
68	4	97
101	5	23
76	16	73
21	15	31
65	11	68
6	18	9
96	0	5
63	11	86
88	16	0
6	1	95
96	6	68
23	3	54
71	2	96
97	17	42
44	7	84
98	7	92
12	15	60
0	10	51
8	15	97
91	12	26
89	17	42
88	7	69
8	0	48
68	13	62
14	7	61
94	16	83
19	16	32
87	5	6
31	12	30
83	5	13
32	8	5
65	5	10
20	15	44
95	9	41
2	18	23
88	7	57
26	7	58
62	7	95
47	8	29
36	16	102
73	22	89
23	16	5
6	15	28
90	0	12
11	16	98
84	8	18
65	8	2
92	7	88
89	17	22
45	1	69
86	21	102
43	10	66
84	5	25
12	9	15
93	0	13
39	8	11
102	7	103
38	6	52
102	16	89
99	7	86
31	16	101
65	1	41
51	16	30
17	11	29
49	10	66
12	16	64
54	0	47
48	3	81
92	6	61
71	7	62
75	8	12
45	5	42
33	9	22
37	16	97
69	11	37
55	16	89
91	11	92
78	10	66
99	8	44
2	11	82
70	16	11
97	1	30
50	1	56
48	3	66
80	18	4
56	11	85
83	7	94
63	8	22
12	20	10
25	6	55
77	3	51
19	16	62
89	4	6
10	2	84
20	7	69
32	18	8
79	10	76
45	0	19
41	11	76
84	8	35
12	19	27
88	9	26
11	16	85
3	4	64
38	8	48
81	16	13
64	22	55
75	16	39
102	1	0
58	2	87
63	16	94
84	9	21
15	7	67
61	12	2
42	13	93
18	8	5
65	11	31
56	11	12
9	4	20
72	5	11
10	4	86
99	21	89
14	7	58
43	8	18
88	4	68
82	3	55
50	17	78
71	1	19
87	1	52
42	16	101
49	16	3
2	8	0
96	0	7
10	10	58
71	17	29
19	15	75
96	8	14
74	17	8
95	10	64
55	18	6
64	8	2
99	16	18
56	17	19
63	8	43
5	18	54
23	20	11
35	16	69
46	15	93
53	16	84
38	11	40
67	11	71
2	8	33
87	22	75
15	18	18
25	16	42
89	21	86
7	9	0
82	5	3
63	11	85
42	1	76
52	3	46
23	11	24
86	1	17
65	11	91
63	7	96
103	16	69
42	13	62
47	1	22
48	15	97
5	1	37
86	15	93
12	15	100
66	6	54
37	20	46
40	8	17
12	6	53
77	7	72
74	16	24
6	20	35
42	20	13
94	13	103
87	6	54
73	17	9
100	17	33
73	22	100
101	1	73
48	15	18
82	11	83
56	15	32
66	17	16
33	7	73
98	16	47
51	8	24
13	0	97
53	13	70
50	9	16
61	3	80
17	3	51
89	6	82
61	16	88
15	17	87
23	8	10
66	5	25
93	9	24
42	1	79
99	7	73
16	17	74
65	18	28
45	1	37
44	9	23
35	5	17
31	8	8
20	8	37
37	1	51
27	1	54
82	5	32
37	16	89
71	3	2
31	18	81
71	3	39
30	20	38
10	2	49
78	14	50
47	16	17
37	8	30
34	17	87
39	16	42
103	9	3
74	17	20
100	7	66
41	11	92
9	16	24
90	6	62
61	13	90
28	7	62
82	11	73
103	15	90
43	10	102
99	16	98
90	13	81
77	15	18
23	11	26
60	21	91
35	7	66
34	7	95
53	16	21
37	20	34
8	0	101
39	0	48
15	8	40
64	6	58
97	18	12
66	7	83
99	9	33
100	16	1
40	1	47
76	16	101
9	8	23
24	6	63
4	17	84
14	20	6
92	16	101
40	4	14
5	11	74
80	3	37
80	16	25
75	17	23
73	13	74
62	16	69
73	17	19
96	16	97
99	7	80
87	18	22
66	10	67
100	18	2
26	18	77
97	21	95
35	5	29
8	18	26
64	7	82
23	8	45
91	22	102
82	15	100
60	18	2
62	7	61
40	18	66
98	13	87
20	18	53
8	14	5
84	22	92
6	8	12
35	8	10
54	9	6
6	18	7
17	6	62
11	18	51
66	3	56
4	16	68
22	9	40
90	4	1
15	20	28
66	16	88
45	10	57
13	18	2
28	7	53
5	11	67
58	8	17
45	6	54
45	1	74
13	1	60
11	20	35
43	1	5
66	16	89
51	8	2
8	11	59
29	5	13
24	15	90
17	15	97
45	1	87
7	15	38
66	3	8
84	10	61
57	11	21
92	8	8
50	1	12
72	8	26
10	17	85
21	4	44
73	7	76
30	9	24
36	18	86
23	5	17
13	8	9
99	2	47
63	16	68
4	0	101
89	16	52
2	8	31
43	12	17
61	18	6
37	20	29
68	5	21
98	5	18
94	7	80
49	17	82
19	18	25
74	9	7
22	8	15
53	0	26
83	10	59
58	11	74
82	4	5
103	15	83
73	17	28
23	14	25
2	3	71
7	2	69
48	16	40
50	13	102
91	11	40
78	22	99
57	8	44
68	10	70
40	18	49
59	16	91
47	16	12
56	17	21
96	0	9
35	10	60
25	12	23
77	11	83
30	15	83
94	15	45
57	11	66
60	15	86
70	22	69
81	9	21
55	12	2
62	15	39
74	9	28
76	11	33
55	15	65
76	6	57
32	6	80
79	11	99
13	4	75
86	13	78
19	13	76
34	13	81
87	12	4
83	7	91
57	3	34
47	8	46
71	22	95
73	5	3
57	18	22
97	7	87
69	13	77
42	8	39
48	0	39
67	16	14
7	2	37
45	4	77
90	7	92
85	13	74
36	7	74
16	20	19
17	16	92
23	7	96
23	11	89
56	11	4
63	8	47
55	16	88
94	8	4
18	12	31
57	2	102
97	5	46
84	11	43
35	20	11
11	1	91
48	16	42
51	7	100
32	15	39
26	18	86
78	13	90
8	14	21
33	13	60
95	1	54
62	18	15
27	12	24
42	18	81
86	16	42
18	6	73
99	15	96
69	11	66
93	22	90
78	14	46
81	5	6
54	13	53
81	10	78
93	6	63
4	16	99
25	16	90
79	7	63
71	16	88
52	1	49
30	16	28
55	16	44
62	7	57
27	16	90
100	17	31
36	10	82
87	13	59
100	5	20
71	13	59
9	15	40
19	2	87
28	1	61
6	11	54
97	23	97
30	5	16
100	5	12
40	8	8
5	18	25
47	6	96
99	5	9
72	11	96
64	6	52
37	20	2
99	22	78
93	4	64
90	8	41
58	16	62
33	5	0
58	11	84
45	6	79
74	15	47
10	9	19
72	1	51
68	15	72
59	15	24
75	22	72
48	10	82
35	20	40
2	8	27
90	0	15
87	13	101
82	21	69
47	6	74
10	2	87
91	6	52
88	10	103
4	11	34
79	4	44
60	14	38
30	18	50
53	3	27
100	21	75
87	8	32
51	11	21
17	9	15
48	20	49
11	16	59
49	9	21
16	9	4
71	12	20
59	8	37
22	6	52
18	16	66
22	9	42
47	13	93
29	9	16
2	3	43
56	9	15
1	4	46
87	3	82
50	8	42
83	6	53
9	17	59
80	9	50
29	6	103
20	11	46
46	8	42
30	7	52
79	2	42
57	18	6
67	21	63
87	22	94
0	16	53
5	12	8
82	5	35
55	22	64
51	15	95
97	16	57
84	16	93
63	7	78
101	3	28
83	11	39
40	6	67
48	11	80
97	9	18
16	20	1
99	8	4
59	16	38
76	8	17
15	11	4
100	21	70
98	3	5
93	8	7
6	1	94
66	3	2
29	16	11
31	6	51
79	15	69
9	1	69
37	18	38
36	11	30
89	8	47
24	7	96
41	18	102
91	6	55
79	8	8
92	1	6
85	17	1
17	17	55
65	22	102
73	8	25
103	6	59
63	21	67
62	11	24
6	16	4
14	4	40
1	16	3
30	18	73
99	9	27
13	18	73
75	1	54
98	6	89
67	22	64
48	15	93
14	13	65
89	16	45
99	11	40
23	16	9
45	4	15
7	16	88
36	14	31
57	3	20
71	4	12
99	11	92
52	11	10
39	10	82
79	5	10
10	20	12
36	8	1
95	9	31
5	2	87
92	7	86
102	13	63
33	18	102
87	5	25
56	3	96
77	22	53
55	9	5
3	7	71
24	18	48
20	7	87
5	18	64
83	10	85
8	11	16
34	5	18
97	5	17
60	16	69
44	20	38
70	6	57
28	17	86
61	15	40
13	0	35
36	13	94
6	16	39
41	18	81
42	5	21
49	8	23
72	8	3
91	4	14
95	4	3
90	4	67
49	1	51
22	9	33
97	16	51
27	12	23
46	7	64
92	6	55
40	18	87
41	16	98
30	5	20
23	14	40
64	10	70
76	12	14
32	20	42
76	16	34
88	7	102
52	15	54
28	20	8
96	0	21
52	15	94
102	3	82
1	15	33
38	18	69
75	4	13
90	4	52
38	18	49
83	13	96
27	8	15
96	3	59
82	13	84
25	15	78
2	7	76
5	2	72
3	8	43
14	8	9
93	4	68
35	20	42
46	10	63
100	7	72
67	16	62
59	11	86
82	4	7
78	1	10
6	16	50
93	6	83
1	17	73
64	5	7
30	0	13
76	8	23
3	0	88
60	16	71
36	1	97
28	18	99
24	13	65
99	7	82
47	18	9
58	21	56
23	3	99
103	16	84
5	16	36
22	18	28
3	16	66
95	6	74
47	1	70
27	18	87
17	13	67
85	15	26
97	15	39
64	15	37
49	5	25
0	20	16
16	0	39
93	7	78
68	16	29
39	5	30
49	10	78
89	6	56
67	11	81
45	4	8
54	16	82
56	3	45
49	1	9
1	2	28
3	0	100
14	11	35
19	2	78
22	8	20
89	6	80
85	22	87
59	11	82
8	2	86
34	8	31
5	16	3
66	10	55
100	4	25
74	16	97
33	9	38
45	10	81
65	3	93
63	8	28
5	2	102
56	21	52
102	4	56
52	15	68
30	12	22
30	15	46
6	18	96
81	1	61
58	16	32
39	9	46
45	10	72
41	4	13
60	15	83
39	7	99
85	13	57
79	16	46
6	11	11
23	5	15
55	15	76
63	9	16
91	22	69
92	21	103
76	15	78
52	10	57
94	16	39
21	8	23
44	10	88
62	2	97
92	18	28
74	11	72
28	6	79
58	15	94
31	10	70
7	9	9
37	13	63
70	12	14
2	16	47
48	20	0
11	16	4
103	7	57
85	15	93
72	8	0
31	8	15
12	20	21
74	23	74
23	15	82
29	18	62
64	22	74
68	5	7
24	13	91
14	16	87
8	15	30
6	18	5
32	8	7
15	2	83
74	15	91
73	13	72
95	8	29
80	15	103
27	7	82
67	18	6
65	16	63
73	18	35
98	5	24
5	16	30
75	10	99
51	16	3
2	17	66
62	16	49
29	16	94
74	8	14
33	16	46
96	8	24
61	3	83
86	16	99
76	7	77
26	5	17
58	11	45
66	3	80
88	1	23
59	0	39
103	16	28
94	1	79
15	8	38
53	17	6
75	12	36
68	15	87
59	15	29
49	7	53
84	6	76
92	9	38
3	17	76
65	11	99
71	1	1
57	15	33
4	11	83
101	0	12
51	15	79
75	13	103
22	4	88
32	18	86
103	5	17
20	20	9
2	15	36
13	3	47
54	16	8
82	5	24
103	23	103
76	12	35
5	11	84
42	18	102
91	13	103
36	10	60
21	3	56
100	16	5
2	8	1
58	15	37
18	4	38
50	8	6
54	2	92
82	16	64
11	18	58
96	5	25
37	8	24
25	6	51
73	11	86
48	15	88
68	6	51
11	18	96
84	12	50
67	15	38
33	20	44
89	17	38
87	10	67
20	5	13
78	11	29
80	9	20
27	5	1
79	15	72
86	4	10
44	4	25
47	7	98
19	7	97
74	8	3
81	14	46
22	15	84
5	7	100
27	10	95
71	13	85
35	8	7
37	6	54
26	11	32
14	4	92
0	18	11
46	15	88
23	16	52
98	16	94
1	10	55
78	14	4
48	15	26
82	3	96
63	17	0
17	11	85
16	20	9
24	7	51
4	12	43
91	8	34
52	15	76
40	9	31
102	3	15
10	0	96
64	8	16
45	4	4
66	17	4
32	10	93
6	18	52
100	5	50
0	15	76
81	13	77
55	9	19
54	11	22
61	9	5
95	8	50
66	18	40
67	17	2
13	8	45
72	16	100
61	15	99
79	6	67
39	6	97
22	9	25
21	15	42
59	15	89
10	16	53
95	8	44
3	8	7
66	1	0
33	6	57
84	15	94
81	1	52
40	4	13
22	16	29
17	15	93
11	2	41
11	11	76
20	7	54
42	6	84
44	6	56
53	15	83
25	16	98
70	21	100
77	1	12
37	6	64
92	9	42
64	15	102
81	13	59
45	6	91
69	11	49
29	11	83
44	7	102
18	15	39
55	11	58
71	8	14
59	17	5
81	7	62
60	21	75
26	9	24
72	12	48
72	6	64
7	20	16
54	16	59
62	8	42
56	1	77
48	3	55
72	17	15
96	17	34
94	16	2
85	22	53
91	16	101
72	16	97
54	16	80
29	5	23
40	9	42
2	8	40
68	11	95
98	13	69
72	7	60
68	4	93
2	0	86
70	1	47
32	7	57
86	8	6
60	8	9
24	9	36
57	11	19
35	12	22
10	4	29
14	15	34
0	4	83
92	1	11
10	4	90
20	16	95
28	5	6
92	16	2
55	3	79
51	11	10
67	4	98
102	16	24
48	18	60
86	10	80
21	1	87
95	7	93
89	11	100
103	15	98
99	21	102
90	8	22
33	5	10
71	3	15
82	10	59
55	15	25
48	20	43
78	23	78
44	23	44
47	6	72
31	3	53
54	15	96
49	2	96
78	22	95
26	0	13
98	3	19
71	3	90
57	15	41
86	1	56
101	7	79
34	17	84
83	21	102
68	15	71
54	16	2
28	16	88
9	15	64
1	15	75
61	3	98
44	7	67
80	22	60
36	10	62
5	1	28
96	5	41
18	15	83
7	4	90
89	8	37
40	7	85
97	7	67
58	8	4
7	16	36
22	10	79
82	7	76
14	17	76
74	16	44
13	7	66
26	15	39
99	22	81
11	17	60
100	1	60
95	8	48
81	11	43
84	13	82
1	20	48
52	18	47
33	8	16
36	15	98
90	9	39
56	1	46
21	11	78
80	3	66
17	11	59
58	3	29
75	9	27
4	20	0
40	9	33
28	5	25
101	5	32
71	10	78
9	16	35
52	11	0
83	21	78
18	16	45
25	16	82
62	15	73
15	11	50
76	11	40
33	7	77
1	4	77
103	6	86
61	20	12
24	6	86
72	11	81
20	1	8
71	1	52
53	15	34
42	12	32
73	7	64
99	17	24
44	0	14
19	17	98
43	3	8
60	3	31
68	15	66
6	16	17
92	12	44
29	11	39
41	8	29
54	3	13
91	13	62
75	7	63
83	4	0
85	13	66
66	22	70
66	9	9
10	2	74
68	11	27
5	20	12
96	21	85
37	1	5
81	23	81
14	4	99
87	8	46
70	18	28
91	11	75
51	16	36
67	8	16
33	11	40
39	6	100
45	4	50
44	20	22
84	8	46
43	6	68
96	7	103
96	0	10
80	9	16
12	15	36
20	7	76
27	7	77
4	11	29
87	13	77
16	16	94
14	18	8
77	8	49
6	18	10
38	18	71
64	5	9
49	13	59
98	3	9
92	22	81
54	2	95
18	15	34
69	7	83
46	0	12
6	4	93
103	8	21
53	15	86
34	23	34
12	15	30
51	11	57
81	16	89
80	16	41
67	16	88
20	4	0
38	1	25
54	3	23
77	0	98
79	15	71
29	16	66
81	8	36
65	8	12
75	9	42
25	6	58
44	18	73
59	7	55
96	10	66
43	23	43
5	4	46
95	7	63
97	16	5
25	10	75
27	7	63
32	14	25
102	8	26
10	15	75
34	7	68
9	20	4
16	10	59
23	11	32
97	5	15
49	12	16
96	6	79
75	17	24
17	8	38
47	0	25
82	16	11
92	13	60
87	13	86
76	16	46
15	11	59
14	13	70
54	8	30
47	18	61
9	7	97
93	3	54
92	5	21
25	7	56
90	6	100
90	16	47
6	17	60
47	1	99
82	3	37
6	15	102
64	7	63
1	18	25
8	17	102
50	10	77
90	16	77
57	2	71
90	6	103
72	3	56
81	10	72
76	16	86
32	10	88
20	7	96
33	13	62
97	16	10
72	5	22
77	7	87
20	11	29
71	22	91
52	3	98
97	5	29
101	3	37
80	10	77
99	7	93
77	4	45
65	16	39
63	9	17
100	15	39
97	16	21
38	4	14
27	18	37
83	1	56
26	5	16
34	8	25
5	15	92
101	18	18
102	7	62
6	18	21
5	15	99
102	12	4
44	3	70
67	11	84
98	16	41
18	8	10
23	9	14
34	20	37
36	15	90
99	6	51
3	15	4
30	15	82
33	10	65
11	2	99
75	4	14
65	6	58
90	5	36
45	16	3
82	15	93
62	3	47
2	16	65
62	23	62
2	15	24
85	10	63
84	16	100
26	7	96
59	17	7
83	7	70
5	15	33
7	20	15
33	4	13
72	5	6
32	6	56
2	8	7
85	23	85
69	16	97
0	9	5
40	8	46
21	16	36
76	6	67
87	6	68
101	7	64
79	8	48
72	10	74
79	8	4
93	7	61
10	17	63
65	16	46
15	17	69
47	0	28
101	21	71
47	13	100
71	16	60
75	13	62
2	17	84
96	8	18
67	7	60
54	16	63
96	16	53
69	11	43
57	16	62
19	8	44
95	8	34
1	15	91
71	10	69
22	12	26
93	8	37
12	0	34
62	8	45
35	8	19
0	4	86
10	16	14
74	10	52
96	17	17
85	5	3
74	21	77
99	17	23
9	12	15
11	4	93
49	20	8
75	5	21
48	15	30
48	16	6
50	16	68
16	8	49
48	16	91
53	18	4
78	1	19
102	5	11
90	7	68
46	8	33
9	17	80
70	5	21
89	5	16
74	9	9
14	0	89
76	0	47
43	13	77
89	7	72
76	8	30
92	9	27
93	11	97
10	9	1
33	11	92
94	4	23
1	8	23
32	5	20
1	7	97
17	16	99
56	3	81
44	8	47
87	13	90
95	17	23
45	1	51
44	5	48
76	15	43
94	9	6
53	22	85
89	16	21
56	15	35
92	16	12
94	18	43
8	8	40
19	2	28
34	7	76
51	16	35
84	10	87
98	1	8
29	3	61
96	18	47
13	0	44
44	11	89
48	5	13
69	5	6
51	17	17
43	1	10
42	13	60
15	16	79
90	13	55
79	18	19
64	15	71
37	6	68
90	10	73
3	15	34
20	0	98
55	21	73
27	8	34
76	13	103
86	8	25
70	11	41
45	4	16
59	16	22
38	7	73
49	10	71
49	10	72
64	15	43
3	4	42
96	6	92
6	23	6
14	16	49
16	9	20
53	18	39
40	18	71
53	16	52
89	10	93
95	16	101
64	9	11
84	8	23
14	16	28
1	11	74
66	2	96
33	5	1
85	16	33
8	2	82
36	5	16
10	16	103
87	18	27
86	15	88
72	12	34
33	16	98
26	8	9
72	1	61
8	14	1
69	3	48
96	20	50
28	10	69
34	5	30
101	1	77
57	1	37
32	8	45
87	22	95
84	3	56
66	11	44
59	9	17
56	16	47
80	16	38
27	10	91
86	10	59
102	1	57
9	4	29
0	20	17
96	8	13
42	12	36
72	1	9
7	15	25
50	1	73
102	13	85
101	4	1
30	7	51
85	11	46
5	11	21
43	8	30
28	20	29
40	18	43
42	6	52
53	8	33
12	16	79
47	7	73
98	8	11
42	7	59
93	8	43
6	15	45
66	5	11
93	5	4
77	16	40
90	7	91
61	11	58
87	1	57
88	5	34
94	8	12
58	10	52
52	16	24
53	8	10
76	16	82
34	5	13
97	7	71
101	8	25
83	10	73
24	12	38
21	15	25
68	15	28
57	8	16
4	8	6
89	4	25
19	15	27
90	0	85
39	9	34
4	7	54
97	0	14
49	1	7
80	9	12
13	4	31
1	18	47
17	11	48
61	15	79
91	12	35
41	1	6
71	1	51
10	15	22
91	1	64
97	17	22
53	4	22
102	13	73
2	7	70
57	22	64
49	1	5
19	16	13
56	1	29
89	16	1
84	15	38
51	15	40
35	17	64
57	18	11
5	16	88
44	17	92
62	16	37
26	16	28
41	1	22
3	7	52
94	7	98
102	15	47
33	8	17
56	11	80
92	9	31
63	15	23
38	8	46
86	10	85
1	15	99
67	16	97
36	15	34
64	13	100
13	7	52
28	7	60
88	13	99
3	7	54
79	16	29
88	4	65
41	11	31
45	5	31
90	17	28
42	16	17
49	1	10
57	12	2
13	15	46
65	6	57
37	8	14
80	18	24
28	20	2
84	11	78
39	0	17
13	15	4
19	16	30
42	10	65
66	23	66
28	6	64
16	16	75
26	14	27
94	5	9
51	16	62
21	11	72
88	7	55
66	7	103
76	17	18
103	13	54
73	10	80
101	7	99
16	16	99
18	9	24
88	9	35
51	8	44
3	11	14
83	6	60
53	16	69
97	1	26
97	10	93
91	8	20
54	2	31
51	2	74
34	5	23
45	16	53
37	1	9
74	15	27
103	10	89
54	4	89
50	9	46
87	6	64
54	18	5
93	12	33
98	9	39
7	15	75
84	8	32
101	3	49
75	16	83
68	7	63
65	9	6
14	17	79
81	12	20
25	15	48
2	16	11
73	15	24
44	7	81
70	3	13
78	13	83
89	9	26
38	20	30
40	20	26
39	23	39
32	7	61
89	5	48
15	15	30
12	8	42
24	7	81
15	7	54
82	16	38
60	16	72
6	1	41
0	2	69
103	13	68
27	5	10
19	8	23
44	9	35
99	1	11
46	10	59
1	16	60
60	24	54
86	21	96
50	16	70
35	16	102
53	8	11
39	6	60
2	18	60
24	18	20
41	18	49
82	7	65
99	5	7
26	12	41
91	6	84
88	9	24
60	15	90
9	17	56
74	12	46
92	10	84
89	7	66
66	13	59
60	18	50
47	8	50
38	16	12
6	11	76
46	6	60
22	7	59
6	17	62
70	16	101
68	10	54
101	4	19
12	4	72
61	10	55
19	15	95
59	17	1
52	8	23
40	10	99
84	11	49
49	7	62
52	8	4
10	20	15
32	8	0
44	17	99
5	18	79
71	10	67
49	1	61
14	15	82
83	13	84
74	3	98
55	12	4
24	10	88
63	11	73
57	21	86
96	1	37
84	15	33
6	18	67
100	13	64
89	9	36
61	16	30
10	16	32
20	16	33
18	11	30
20	20	5
63	11	83
47	1	41
19	7	89
55	21	85
45	6	64
3	0	93
31	10	79
29	18	53
14	4	95
5	15	31
85	16	70
86	2	90
62	11	103
47	0	11
97	1	60
26	9	23
47	18	52
54	16	85
7	15	94
86	16	33
24	7	71
60	3	47
3	15	85
67	11	102
41	12	36
42	1	54
40	15	96
1	15	38
83	5	36
34	12	45
60	16	67
30	6	80
63	16	92
25	4	43
9	1	28
10	15	99
84	5	22
49	1	55
29	10	82
54	9	11
13	4	95
18	17	64
10	15	68
13	9	3
80	16	95
45	1	43
94	6	52
32	18	77
93	4	6
98	3	58
84	16	97
28	16	3
71	1	9
31	17	89
17	11	50
37	18	75
59	9	4
98	6	93
67	9	19
93	5	20
88	11	44
0	16	3
59	11	85
50	7	54
85	15	100
7	4	39
14	4	27
11	4	44
24	12	31
76	22	74
69	16	89
47	6	69
99	21	100
43	1	7
9	16	3
62	15	85
99	22	69
14	4	94
51	4	98
54	8	35
47	6	78
56	16	22
71	1	7
97	5	16
97	10	89
68	16	34
66	8	29
69	12	16
63	18	26
60	16	66
27	7	73
5	16	60
93	8	28
55	3	20
67	23	67
23	16	71
94	12	14
63	0	98
0	25	50
88	18	8
22	5	21
41	6	58
39	1	2
79	7	56
16	11	77
49	23	49
86	7	70
35	6	85
85	16	76
58	15	79
33	16	90
19	12	2
22	1	64
4	17	55
62	13	65
46	9	29
67	0	45
13	12	25
7	9	5
15	18	3
84	17	20
50	9	8
7	15	76
52	7	97
95	10	68
35	6	80
48	16	47
44	7	69
37	17	80
43	6	54
36	5	48
11	8	34
56	16	76
79	12	32
81	1	0
97	16	0
70	7	85
12	20	5
98	3	74
35	13	70
68	11	25
27	13	62
61	8	4
73	1	4
70	22	84
45	6	99
82	11	34
34	8	6
0	23	0
82	9	2
68	8	15
6	7	83
9	0	96
69	8	14
66	22	75
6	18	1
22	18	74
31	7	82
71	16	100
94	7	101
85	16	79
70	18	37
52	1	37
0	15	54
71	8	23
55	21	56
67	15	99
55	11	61
95	7	73
10	7	89
43	17	90
79	2	41
13	15	34
27	1	47
42	16	46
8	11	15
44	9	36
91	11	94
75	1	11
2	7	58
33	15	45
38	5	1
31	10	91
85	17	0
33	1	6
91	11	27
88	11	100
57	2	78
44	5	20
38	23	38
66	3	48
37	7	53
69	1	19
96	1	52
76	16	2
60	15	29
10	15	91
103	12	25
13	12	6
13	15	29
33	9	41
62	15	98
75	7	85
9	18	11
31	18	72
69	8	26
92	8	4
63	16	27
40	7	82
74	18	11
28	1	1
45	1	28
20	15	103
95	8	16
28	12	20
1	1	69
93	7	74
91	5	10
17	13	57
42	16	4
71	18	22
96	13	90
0	16	13
86	4	7
72	13	98
82	1	56
80	9	34
69	18	38
33	5	9
62	16	43
52	15	31
5	1	49
72	12	46
46	9	50
41	11	40
4	7	81
1	15	27
74	15	70
29	9	4
20	8	47
7	2	28
9	9	1
4	15	18
46	3	61
39	5	35
39	8	25
20	18	24
76	5	21
16	16	33
6	16	34
7	4	86
28	8	14
78	8	3
84	2	96
64	7	80
48	16	31
51	4	39
17	13	52
23	16	102
25	4	89
9	18	47
96	16	88
30	7	57
68	11	40
51	8	20
83	15	89
4	7	69
3	4	38
39	13	69
18	12	41
13	16	71
5	16	35
77	5	3
99	1	6
99	9	25
29	7	54
47	16	15
42	9	38
93	6	80
85	10	77
47	1	91
77	7	69
77	7	71
97	16	1
77	10	59
50	18	30
54	11	65
101	9	39
28	18	75
35	6	56
27	7	83
97	7	102
103	16	71
23	4	47
103	8	7
58	11	0
51	16	26
14	16	66
75	6	57
64	16	85
64	8	50
79	7	90
48	9	4
77	16	33
69	4	12
21	20	20
60	6	56
26	9	3
21	9	5
31	11	95
64	8	4
95	16	98
49	20	34
87	11	102
90	5	3
2	7	99
36	18	73
40	5	10
45	0	58
63	16	31
23	16	19
46	7	91
102	10	69
11	16	48
73	13	78
62	11	32
92	8	50
95	16	90
1	17	86
11	16	20
21	8	13
77	7	102
82	16	41
87	11	84
98	5	35
86	18	23
29	8	38
61	15	27
37	10	74
26	16	81
46	9	4
91	1	76
56	15	30
47	6	67
41	16	101
77	6	62
87	18	40
31	12	26
19	11	66
2	11	29
37	18	31
100	21	73
39	18	53
33	6	67
61	1	102
72	13	82
9	20	39
45	1	71
61	1	49
53	22	98
46	9	48
12	9	8
51	3	80
80	13	81
65	8	26
98	22	53
13	15	50
102	3	48
85	13	72
72	1	19
89	4	76
84	3	80
72	17	17
37	16	100
38	1	54
95	23	95
67	9	1
103	7	74
92	10	75
33	18	81
29	13	81
82	14	45
50	0	98
27	18	81
84	8	3
54	6	58
16	15	32
69	1	10
85	7	65
16	15	100
66	13	73
84	10	55
72	10	87
63	11	34
83	5	3
72	17	50
23	20	38
41	18	72
85	0	98
37	13	77
13	6	94
56	17	1
14	15	46
0	17	80
37	8	35
8	2	39
65	11	75
11	5	45
19	17	85
34	0	12
50	18	60
96	13	63
50	16	75
59	16	99
50	20	21
0	16	103
32	10	62
33	7	86
48	7	76
88	6	83
81	16	24
62	11	36
57	11	84
99	6	52
3	15	29
59	15	35
2	18	62
61	15	91
34	13	78
58	0	96
83	21	72
66	8	36
103	7	51
60	7	61
1	10	57
93	4	11
34	9	29
11	2	38
45	13	98
21	15	99
58	15	40
34	11	46
47	4	18
73	9	20
50	10	85
37	5	25
85	13	52
50	20	7
88	12	33
42	18	69
3	15	82
19	20	16
83	8	31
60	3	27
26	5	2
95	13	60
56	22	97
48	7	65
75	22	102
77	9	17
79	18	1
75	10	68
18	17	76
36	8	7
79	15	37
9	15	54
103	16	43
74	18	22
103	6	56
37	23	37
13	17	91
11	2	42
78	8	36
2	18	53
41	13	88
83	1	8
64	4	3
53	16	102
56	15	62
50	15	89
47	18	58
43	7	103
21	10	58
72	13	73
47	8	4
16	8	38
67	11	69
94	16	15
73	7	54
1	11	58
69	1	61
25	4	100
36	7	67
45	6	65
42	1	64
76	7	80
103	15	46
9	4	101
72	7	103
34	17	71
100	17	22
18	11	36
6	11	25
62	7	91
95	8	17
58	15	27
50	18	53
68	16	39
74	10	84
97	4	68
32	5	2
16	15	89
51	3	77
9	10	52
80	9	29
35	7	52
56	16	95
3	16	67
39	15	13
91	4	3
39	12	28
14	4	75
81	16	97
72	11	102
90	7	99
40	3	53
76	18	19
51	15	33
3	4	91
10	16	60
72	23	72
27	9	38
26	20	40
16	15	26
62	16	74
43	16	100
75	18	49
19	15	91
36	20	42
38	16	50
78	13	80
79	16	82
2	2	16
86	22	100
100	5	16
3	4	31
21	15	92
94	1	68
52	0	96
47	0	37
28	1	58
80	16	76
76	7	59
94	8	50
25	17	62
35	16	72
8	2	20
102	2	45
34	10	82
26	10	88
76	7	85
49	4	12
39	4	10
76	8	4
83	21	69
59	15	26
94	6	84
27	15	45
37	11	43
98	5	30
17	17	69
55	15	75
20	17	74
1	11	21
14	18	15
82	13	78
3	4	33
84	8	26
90	21	87
102	16	93
60	8	7
89	21	94
38	17	100
17	16	70
77	15	93
55	3	39
43	1	61
76	6	52
84	13	101
57	16	93
39	6	88
48	9	12
97	4	76
50	13	66
4	20	5
12	11	17
15	3	84
38	18	81
7	2	49
41	6	84
54	2	99
63	18	36
32	23	32
31	13	62
12	0	29
40	8	15
20	16	99
35	8	0
38	17	97
9	1	87
73	16	75
44	6	85
99	18	43
35	5	33
71	17	50
70	13	60
103	12	41
103	11	30
75	22	84
64	15	49
50	16	31
81	18	42
38	20	32
35	13	76
3	7	51
102	10	81
51	18	22
90	7	75
93	6	77
41	5	21
43	18	75
80	22	53
50	16	40
77	11	34
43	6	76
67	16	35
86	1	8
70	11	75
23	5	4
3	16	84
30	16	69
73	1	50
89	21	75
24	6	85
5	2	71
61	11	74
15	11	17
22	12	18
24	7	58
100	6	82
8	15	100
42	15	96
93	12	31
50	13	69
80	16	40
10	10	52
61	11	10
15	2	20
61	3	20
1	7	89
64	17	32
66	10	58
98	8	31
26	0	53
101	4	52
100	16	61
21	11	37
33	1	11
71	16	97
66	15	41
47	1	75
83	10	80
89	8	28
52	12	2
54	2	32
27	11	99
70	16	83
66	6	76
64	8	8
92	4	62
14	7	57
70	8	8
53	0	35
101	3	43
62	16	87
7	2	71
17	16	41
86	22	89
22	10	65
28	17	80
95	13	62
77	8	43
8	16	76
31	18	71
57	12	15
51	15	99
6	16	77
63	18	30
46	1	56
22	7	56
38	1	68
2	9	8
3	11	60
27	8	29
65	6	55
48	18	24
65	8	15
52	9	1
73	18	32
17	8	42
8	17	71
62	11	18
43	8	35
50	17	51
26	20	42
85	16	41
32	7	96
53	16	9
30	11	93
0	4	82
87	7	62
71	6	76
74	17	15
12	15	14
39	13	72
29	7	65
79	13	53
44	17	75
40	5	5
65	22	51
13	7	61
98	7	72
60	16	45
28	10	78
18	6	56
88	16	45
30	15	101
36	10	93
61	3	34
27	13	103
59	16	33
50	18	36
33	8	15
50	18	32
49	1	52
91	16	8
22	23	22
54	15	71
19	15	38
2	2	73
98	3	52
63	4	52
63	8	11
21	9	9
80	0	39
6	16	98
56	16	75
93	11	89
49	1	19
97	21	99
96	1	71
38	8	34
9	15	31
52	13	77
88	11	93
84	9	19
38	9	27
91	11	99
92	5	0
102	1	7
92	17	30
62	11	26
50	9	29
54	2	33
3	8	37
27	10	79
52	11	74
0	16	60
20	11	50
14	15	98
9	11	66
12	19	22
97	9	23
16	11	48
89	6	77
81	18	38
26	5	4
51	2	84
1	7	53
5	4	83
101	1	20
41	18	43
94	22	102
39	13	74
62	7	76
16	7	54
83	4	1
92	17	36
3	11	23
45	4	17
15	16	64
10	18	54
17	13	58
46	13	74
81	13	98
39	8	27
81	5	11
90	1	20
1	4	50
21	1	69
41	7	59
55	16	62
27	4	53
23	16	72
7	15	79
11	18	74
15	7	52
81	7	103
78	5	11
45	13	80
29	11	46
16	10	56
39	20	1
53	16	78
88	6	85
100	21	91
98	10	86
81	14	34
77	17	7
79	15	28
103	12	27
0	7	88
8	16	68
100	21	95
24	7	74
76	12	13
63	16	64
38	10	91
19	18	47
86	9	20
30	11	88
65	5	7
43	16	3
10	15	31
48	20	37
75	6	51
73	10	85
34	10	85
97	16	61
95	7	103
18	9	3
36	0	13
92	12	23
77	2	101
58	10	51
95	10	76
53	16	87
13	17	65
57	2	87
34	4	21
64	15	87
81	22	91
67	15	76
67	8	23
98	10	82
52	8	16
100	0	13
16	15	24
63	16	95
103	22	77
53	11	13
51	3	46
75	15	45
69	1	5
76	2	91
12	11	48
45	12	39
96	1	102
3	7	69
57	16	103
19	15	92
61	12	15
101	8	31
20	16	41
17	17	74
98	9	46
78	16	89
24	7	72
21	15	65
69	3	2
22	12	3
82	5	23
5	7	97
60	18	17
94	13	100
91	3	100
100	10	88
22	12	36
3	15	17
62	7	94
52	15	33
7	2	43
26	13	99
17	1	2
21	9	10
31	5	10
50	4	9
100	8	49
93	5	17
79	16	20
88	6	82
86	11	39
77	0	90
100	5	15
0	2	74
19	4	83
19	15	31
102	18	38
32	14	41
55	15	68
75	6	61
4	16	31
89	15	39
84	7	60
93	15	39
35	5	34
103	8	10
35	18	77
52	11	7
58	16	24
34	4	7
67	9	0
29	0	12
47	4	30
58	16	36
85	0	39
5	15	41
88	7	52
16	15	97
55	3	46
32	15	98
91	11	41
58	15	49
49	9	28
55	16	35
34	10	77
43	10	87
11	15	84
28	1	10
57	18	47
44	15	101
59	9	15
91	16	50
102	8	30
60	11	26
77	15	23
49	1	58
102	3	29
89	16	57
0	17	77
67	4	83
45	5	27
102	21	83
96	10	78
71	6	64
90	9	30
51	6	64
96	13	73
92	10	64
81	3	56
92	9	33
6	11	79
62	16	81
29	7	76
57	7	89
50	15	88
92	16	98
35	10	89
13	4	33
75	12	26
53	16	74
68	18	5
100	5	4
74	15	41
58	16	93
98	4	68
53	2	23
26	15	83
91	5	7
16	15	103
21	11	66
91	1	68
93	8	49
46	11	98
32	5	17
27	18	72
103	10	93
86	16	94
61	15	92
47	18	45
49	10	69
103	16	78
43	18	41
8	8	42
45	4	20
15	17	81
35	13	95
27	10	70
55	1	87
3	7	74
43	5	25
26	3	54
38	8	20
25	11	39
86	1	12
98	6	88
4	16	22
83	4	19
65	5	19
50	12	37
53	3	31
48	5	3
18	17	65
94	9	41
28	8	26
52	2	78
27	5	7
24	7	55
6	7	101
19	15	40
24	17	70
86	21	55
9	18	79
80	15	97
2	11	90
35	9	31
33	8	20
89	4	68
50	20	10
28	11	66
5	15	94
100	21	94
4	23	4
72	9	28
25	12	40
88	9	32
41	4	14
58	15	99
0	15	41
6	20	26
82	9	17
52	3	82
76	9	11
92	7	82
27	16	2
90	21	69
72	1	57
29	15	44
39	4	51
23	4	94
102	6	64
32	16	74
76	4	93
49	18	31
15	18	62
4	13	61
87	17	8
44	16	52
76	15	28
59	16	40
36	8	19
4	16	27
83	17	28
57	16	13
9	11	7
5	0	96
90	16	11
29	15	100
48	7	79
51	16	60
63	16	41
39	3	61
36	16	49
81	20	8
52	3	86
90	13	84
97	1	35
64	7	86
68	12	36
2	3	96
33	11	95
99	18	49
91	6	66
35	13	79
66	1	51
33	4	3
67	15	41
44	6	59
40	17	103
50	0	39
52	7	59
45	8	24
4	9	12
29	20	37
75	11	95
103	11	44
76	16	83
88	9	30
27	5	0
40	8	50
46	7	95
38	18	72
19	17	73
33	7	59
66	11	78
14	16	96
54	21	62
93	9	32
103	13	75
39	11	101
31	7	59
35	7	61
76	3	3
70	16	46
58	3	73
80	15	30
0	15	75
21	10	57
103	9	26
99	12	32
35	11	44
89	7	55
2	11	56
94	12	26
30	18	85
95	9	25
86	16	31
40	9	27
97	7	69
18	18	15
60	21	68
96	8	35
92	22	102
48	9	34
88	6	73
40	7	83
93	4	65
6	15	81
57	15	38
92	23	92
70	23	70
59	11	34
89	17	31
17	20	9
88	8	5
96	1	58
6	4	97
1	15	54
79	23	79
36	10	89
42	5	9
16	0	98
102	10	66
79	6	52
63	16	33
40	15	45
23	20	42
24	13	64
79	10	64
95	12	35
54	16	4
86	1	4
24	15	39
39	20	5
45	18	41
11	18	57
98	23	98
43	16	89
53	18	50
96	5	6
57	15	27
46	20	37
95	18	49
86	11	46
87	10	81
27	17	89
40	7	77
10	10	61
22	8	16
93	12	27
45	10	78
95	15	96
37	11	49
102	1	10
68	8	12
51	16	32
25	4	93
12	2	63
39	13	84
62	8	21
0	2	102
74	21	73
40	20	30
14	18	2
23	6	77
54	16	48
102	8	32
59	11	77
101	12	45
65	16	20
73	9	48
37	1	61
11	16	16
69	7	103
51	15	31
23	15	46
95	22	66
46	5	23
63	17	7
78	11	45
29	16	64
86	8	22
28	1	19
20	11	85
36	6	85
70	5	5
98	0	16
86	16	27
22	10	54
101	13	78
52	11	84
95	2	47
62	8	10
32	9	14
59	16	70
58	12	8
33	10	64
14	20	11
93	16	45
84	11	72
62	8	9
31	6	66
101	1	63
8	11	12
96	6	65
71	18	38
102	22	91
38	5	21
7	10	52
15	7	92
103	9	24
94	8	34
78	1	57
40	20	44
69	11	71
99	10	91
87	3	80
58	15	38
66	13	63
55	12	15
64	16	101
23	16	66
10	18	6
84	6	65
65	16	73
22	1	47
26	10	60
80	16	6
43	9	21
63	7	71
33	1	47
50	8	41
43	10	81
92	5	1
18	16	43
100	5	34
76	4	88
31	6	61
54	15	28
59	22	53
29	10	73
101	16	11
69	10	67
67	15	94
84	11	74
90	4	7
47	5	43
57	11	5
45	8	44
72	22	99
12	2	73
75	8	16
27	12	32
75	18	43
68	2	42
95	7	97
33	17	97
11	2	27
8	20	0
72	8	23
52	15	41
101	1	48
2	16	6
28	20	34
25	15	72
30	7	72
5	11	7
70	1	6
56	17	0
68	11	92
23	16	58
31	4	3
6	20	36
90	8	38
72	1	10
101	4	74
24	9	32
74	15	75
29	20	1
74	10	55
40	8	2
46	4	9
10	16	23
40	8	34
100	6	77
21	16	14
43	16	93
100	22	86
60	11	35
11	11	68
91	1	54
7	12	2
91	11	38
81	11	49
29	5	32
49	18	38
40	6	55
100	3	65
70	12	18
50	7	65
55	17	12
93	9	36
36	9	23
54	16	39
39	16	91
97	22	56
34	7	75
43	2	96
44	6	83
45	0	10
25	10	54
47	4	36
82	9	20
23	7	74
68	15	49
94	22	72
90	8	27
84	11	102
83	9	34
85	16	75
80	11	90
66	10	57
28	18	42
31	11	99
45	1	102
70	11	42
49	13	98
85	16	42
31	8	50
45	0	5
102	4	12
60	8	10
8	15	89
86	18	36
19	17	59
94	6	58
28	20	15
78	15	47
47	8	39
80	16	68
96	5	31
68	16	83
22	10	76
17	11	80
6	18	61
66	8	46
30	13	99
81	8	32
38	18	28
16	15	44
92	7	59
86	16	41
69	13	90
88	6	80
69	15	75
7	9	19
61	7	100
36	14	33
73	6	62
80	9	48
74	10	69
60	15	73
0	16	32
73	9	34
61	13	101
2	3	87
85	11	80
14	11	26
99	22	71
32	17	76
88	11	89
55	15	27
92	15	45
16	16	41
12	0	83
58	9	19
43	1	51
0	15	22
16	11	80
82	11	46
99	6	58
28	8	24
69	3	80
12	0	82
4	11	46
32	14	33
6	20	14
90	17	49
7	0	45
89	7	67
103	13	79
86	17	9
10	2	37
90	7	70
92	18	37
41	11	94
3	15	39
67	11	37
21	15	38
80	3	0
93	7	102
1	15	42
72	7	62
100	21	92
28	20	17
85	15	24
46	10	86
95	10	84
50	8	47
93	0	14
69	12	4
36	7	57
0	16	62
27	18	28
92	7	80
11	18	19
36	9	18
9	15	94
83	8	41
11	15	71
70	11	94
27	6	55
38	10	95
5	15	95
56	21	55
86	22	103
91	7	86
19	16	88
100	9	18
53	2	97
55	15	94
75	22	69
25	9	11
99	5	0
69	10	81
96	5	38
4	15	35
83	11	101
69	18	27
55	10	51
27	8	16
6	15	72
55	1	81
77	22	103
35	13	99
83	21	74
75	9	25
47	16	85
91	17	23
48	16	33
12	9	2
61	15	75
26	18	73
56	16	91
54	16	29
34	8	27
79	13	103
96	5	11
50	17	81
37	4	12
67	10	55
27	6	58
72	8	35
32	16	43
100	16	19
31	18	43
19	11	74
1	16	35
55	10	57
15	16	70
25	10	70
88	13	92
4	11	82
58	2	72
94	5	19
0	15	38
80	16	92
93	6	82
65	8	35
39	6	93
79	9	6
97	17	40
41	5	10
22	17	100
76	11	95
81	8	14
13	10	53
80	11	83
66	15	91
68	4	88
13	5	39
42	6	58
56	16	41
73	12	45
48	16	75
8	0	90
28	13	77
57	15	31
103	10	62
79	16	73
28	16	44
93	4	22
82	15	88
56	3	78
77	15	88
39	0	16
53	11	62
46	5	30
44	8	28
15	11	56
38	1	64
87	13	73
68	4	89
79	5	0
44	5	4
50	13	87
87	1	5
50	17	67
37	6	79
7	11	67
65	16	50
88	13	75
15	20	7
57	7	100
79	17	18
44	16	61
69	1	9
42	16	2
13	8	19
102	18	31
65	3	100
87	16	93
43	3	15
16	17	81
102	10	67
0	16	14
77	4	1
73	21	52
1	12	2
10	16	3
88	4	6
51	11	9
17	15	44
11	16	73
14	7	55
5	18	76
75	9	41
95	15	45
102	6	68
71	22	70
89	5	15
11	8	2
3	7	102
37	18	41
31	10	64
53	22	59
29	5	14
94	12	36
29	11	90
15	18	36
16	18	60
16	20	0
29	4	58
58	11	66
88	8	49
6	15	66
25	12	30
50	12	49
8	7	95
3	17	68
70	5	0
101	6	89
94	9	38
82	11	86
64	2	42
68	2	41
25	8	16
19	11	67
82	8	25
60	11	23
62	9	13
44	6	80
91	5	1
39	0	56
30	15	98
75	11	40
68	15	43
53	15	80
53	8	0
89	21	92
89	7	69
77	8	28
102	11	74
4	11	50
40	10	70
5	8	44
23	16	43
28	13	85
5	17	80
38	7	86
51	16	18
77	11	29
39	11	98
91	8	29
72	6	65
4	5	3
9	15	22
12	19	33
74	10	67
26	16	87
85	17	5
22	12	35
83	8	27
86	10	63
101	4	58
4	15	100
54	15	43
71	8	36
61	16	62
7	15	42
7	4	101
35	8	45
95	16	83
102	16	13
19	16	18
86	16	91
36	5	20
60	1	97
95	22	71
47	6	84
80	3	69
25	7	77
16	7	87
40	18	84
95	10	99
42	6	61
77	1	2
5	4	77
63	8	37
49	12	4
74	8	13
92	5	19
60	16	87
77	4	5
74	16	23
2	3	28
56	9	2
25	5	10
11	0	47
42	17	100
81	1	57
45	13	90
101	3	51
27	9	22
22	15	96
83	5	18
23	6	56
97	13	64
51	17	29
56	4	84
97	5	4
101	4	67
22	9	38
30	1	97
30	3	54
18	17	95
10	23	10
70	11	31
35	17	94
31	6	74
69	12	20
101	6	60
96	8	36
14	4	38
39	17	96
51	21	56
29	10	63
68	6	57
49	18	92
55	13	63
17	15	100
91	16	17
11	15	43
12	15	24
87	7	53
63	6	62
91	5	5
59	1	2
72	9	37
3	16	81
19	18	79
12	4	102
26	11	103
17	20	7
33	7	82
57	23	57
75	10	70
24	7	67
5	16	32
14	16	102
36	8	45
28	10	96
55	21	82
10	4	83
6	4	89
52	12	8
56	16	40
41	7	86
20	11	73
44	9	26
70	18	49
59	16	64
86	12	45
74	9	5
64	5	1
54	6	55
1	17	59
1	2	71
85	15	30
43	3	86
93	4	76
65	7	56
63	0	90
70	7	59
95	5	5
86	6	53
51	7	93
0	10	52
84	6	64
38	6	84
21	16	62
52	10	61
34	11	39
28	18	27
16	23	16
83	7	64
28	1	51
32	18	73
68	17	18
25	8	32
68	8	1
30	9	26
88	13	95
57	15	25
76	15	49
21	15	33
7	7	100
14	16	74
24	1	60
53	15	48
76	10	94
99	5	19
55	11	7
101	3	82
101	7	94
94	22	78
26	3	68
2	3	37
51	15	92
34	7	70
2	15	93
70	8	20
62	16	96
27	4	13
3	11	24
102	22	94
62	8	7
90	7	95
8	2	46
10	15	101
73	15	93
67	3	48
57	11	1
68	16	98
11	13	53
39	3	55
34	8	22
103	7	52
67	15	22
19	4	46
0	4	34
64	9	6
22	5	10
24	7	102
79	4	93
84	15	99
25	16	83
66	8	34
89	6	59
26	11	36
26	8	1
31	12	32
96	17	46
78	3	2
58	3	48
83	13	66
27	8	46
79	15	84
87	16	3
10	20	17
99	5	21
28	18	31
36	6	56
102	7	60
19	7	53
14	11	30
7	16	18
66	9	5
93	4	25
42	11	27
81	1	1
44	5	15
48	3	84
50	16	92
59	13	61
76	18	5
88	6	59
100	9	44
76	15	69
93	13	92
99	23	99
39	12	37
90	1	2
35	10	100
6	17	103
71	5	11
41	18	45
11	15	87
83	4	7
17	5	14
14	0	44
5	10	51
43	7	62
22	8	12
22	18	69
0	15	68
39	0	4
76	10	65
38	20	44
25	15	81
33	6	55
44	4	68
52	15	70
58	3	34
86	18	44
44	16	58
59	16	94
57	21	80
12	20	19
0	20	15
100	17	40
77	16	70
41	5	19
36	7	61
45	7	60
20	11	77
8	8	31
50	5	13
48	0	8
43	4	12
102	6	54
52	15	27
54	8	26
35	13	54
98	0	59
57	15	94
29	16	91
17	20	19
68	4	44
66	7	62
69	2	96
76	18	9
73	2	101
72	13	85
100	0	3
24	18	80
13	0	26
101	7	68
85	13	55
3	25	6
17	20	5
85	13	58
44	16	51
31	11	75
34	3	55
99	4	13
17	0	98
5	16	18
61	3	48
21	7	97
63	16	99
47	7	82
74	11	81
49	4	56
57	2	81
62	8	5
13	0	88
83	9	16
90	7	54
22	7	53
61	15	38
98	16	42
100	21	99
37	1	58
51	3	101
102	1	19
34	11	98
1	23	1
6	8	8
30	16	71
54	11	76
98	7	54
28	15	47
36	15	39
12	16	95
42	20	49
36	20	40
6	18	57
23	15	29
86	0	2
15	8	42
25	17	60
6	8	48
102	18	40
64	8	44
14	0	97
5	4	101
51	9	5
29	5	35
90	4	5
31	8	48
85	16	40
69	3	29
86	13	74
77	9	16
86	6	62
15	16	11
38	6	67
84	16	24
23	7	51
96	1	57
25	16	20
82	3	61
3	7	87
60	15	39
9	15	27
101	9	29
10	16	24
42	15	45
7	2	78
41	6	57
24	12	25
55	11	21
81	13	101
14	8	7
86	18	30
43	7	60
41	6	74
40	16	101
103	3	11
47	6	87
42	18	43
45	6	70
69	7	53
60	21	79
5	11	58
32	16	84
90	5	23
36	16	28
86	17	37
101	10	98
82	16	70
52	8	17
94	9	22
80	5	14
102	10	84
98	7	76
10	15	65
31	18	78
16	9	17
48	3	96
23	15	34
15	18	43
18	10	103
48	16	27
29	17	71
49	10	87
89	9	32
32	1	97
22	17	97
53	6	96
9	15	33
58	7	100
55	18	11
96	1	61
42	10	91
39	8	31
0	4	101
83	7	75
92	7	100
53	16	55
29	15	88
55	16	24
81	7	53
95	1	6
58	15	33
59	9	8
13	11	14
19	11	10
67	15	25
36	9	14
66	15	47
18	10	100
91	18	37
14	17	64
26	10	62
68	10	65
52	15	95
22	9	27
33	1	54
54	6	61
2	18	44
46	4	0
20	15	97
92	9	41
70	11	99
46	4	7
33	6	61
72	16	89
87	15	47
4	0	39
9	4	90
64	11	99
1	0	96
19	4	34
29	7	70
59	7	54
56	1	73
48	10	86
1	9	19
60	17	22
101	9	46
18	23	18
28	6	54
0	8	44
30	7	78
47	16	86
56	17	9
18	5	12
77	11	46
66	15	31
91	15	96
36	14	27
8	20	43
100	7	74
63	15	88
0	4	90
61	8	44
19	15	99
74	10	51
66	8	18
45	8	23
71	9	21
52	15	99
42	4	18
78	7	103
51	15	54
96	16	89
83	7	68
69	16	44
12	8	41
90	6	89
87	9	37
64	9	22
98	3	55
13	15	48
65	8	30
52	9	19
42	18	28
46	23	46
81	11	37
33	20	23
55	1	69
75	9	33
8	7	99
1	16	88
94	11	31
17	7	54
96	4	12
37	18	22
11	7	86
31	11	40
76	7	56
54	11	79
35	9	32
49	12	39
22	16	77
59	11	73
75	18	37
57	21	73
40	18	69
49	8	14
24	12	40
84	22	75
86	16	40
7	15	91
0	15	91
7	10	51
55	17	17
57	16	26
71	22	99
57	16	88
39	5	26
50	15	24
4	8	42
13	0	100
74	16	103
18	15	29
57	21	56
21	18	94
20	15	36
53	16	37
47	18	21
4	0	98
24	15	29
8	11	77
95	5	21
54	6	51
20	8	11
70	16	82
59	15	97
17	13	102
25	6	61
29	9	50
38	15	96
12	19	11
65	17	13
21	4	29
54	7	60
33	9	42
70	11	79
27	12	18
81	20	15
2	20	21
102	9	37
15	11	63
63	22	53
4	15	26
65	16	82
87	8	26
103	7	67
9	20	17
41	7	77
54	16	46
2	18	97
81	6	76
77	16	76
37	15	47
6	4	100
99	16	90
7	9	1
82	16	75
99	1	54
26	10	100
52	15	65
51	15	25
91	11	31
58	10	57
55	3	34
7	15	99
56	4	37
101	4	9
78	6	79
93	23	93
52	3	83
66	10	69
62	16	102
57	13	101
4	17	66
80	12	43
18	4	47
17	9	8
8	8	27
60	21	65
15	0	90
17	17	87
57	16	60
100	16	58
38	16	2
18	11	35
48	11	101
103	5	16
82	8	22
48	18	62
60	23	60
29	6	60
60	10	63
46	4	19
31	10	68
24	9	23
49	18	41
68	16	46
8	17	69
71	13	83
37	20	48
57	3	39
77	21	74
40	5	21
44	20	31
18	4	42
60	1	24
35	6	59
41	18	28
72	1	58
70	12	3
59	13	67
77	4	55
76	11	25
12	11	4
73	11	83
89	5	34
17	20	28
29	17	87
71	12	17
30	8	0
48	15	35
99	6	74
56	11	20
6	1	92
96	0	55
64	17	35
27	23	27
52	4	50
44	13	64
75	22	81
78	8	18
45	8	35
19	15	33
100	6	83
64	4	13
64	11	94
62	16	78
102	12	20
40	10	64
52	2	81
36	9	35
82	3	102
54	2	91
68	11	75
58	15	65
67	18	12
6	7	90
17	16	40
62	15	63
32	15	82
7	10	61
74	21	59
55	16	40
47	12	44
49	18	65
69	6	54
39	6	103
75	8	48
22	18	51
72	18	41
26	13	94
11	17	103
60	1	89
79	12	26
14	11	18
49	5	11
72	22	75
53	13	68
56	21	67
6	20	32
12	4	81
80	6	62
4	9	15
11	2	40
29	8	25
49	15	47
51	15	41
80	15	44
33	11	75
21	15	22
3	0	97
63	1	12
64	11	33
49	8	18
57	13	90
24	13	95
28	11	102
16	5	13
42	7	80
23	15	101
1	4	101
43	1	52
22	12	30
44	17	91
103	12	40
50	16	33
26	20	38
59	16	49
16	11	46
80	3	74
41	15	48
57	15	91
26	8	19
97	16	7
60	14	42
48	10	77
12	4	87
89	10	88
4	11	59
64	21	103
51	2	49
7	11	21
58	10	55
11	15	72
68	11	76
61	1	43
11	15	21
43	3	34
42	8	48
75	8	17
25	16	86
99	10	79
25	20	3
34	9	20
64	5	0
71	22	75
23	18	2
65	6	61
71	4	56
49	12	46
49	7	103
62	16	71
39	13	102
55	11	52
14	16	81
18	8	19
4	7	71
103	12	42
57	0	96
24	5	8
83	10	86
47	13	89
32	8	21
10	16	88
58	3	25
10	4	46
81	10	66
87	3	29
28	2	45
57	15	54
38	6	58
21	9	0
103	13	65
62	8	0
75	6	52
69	2	45
43	12	4
8	20	28
42	6	51
69	1	52
8	11	63
97	17	33
59	22	60
72	18	27
101	6	100
73	15	88
97	22	73
22	16	39
88	9	36
62	8	25
50	1	86
38	8	29
57	2	69
52	16	88
102	16	44
17	11	63
3	4	41
52	16	14
51	11	58
10	4	82
91	8	39
87	16	97
34	11	101
26	15	98
92	8	16
81	10	84
76	5	7
0	16	23
76	15	87
30	20	6
78	16	93
65	15	81
26	8	5
60	1	44
94	12	32
76	15	96
95	7	88
41	13	93
27	8	4
83	9	4
48	16	41
87	18	31
68	9	4
66	6	64
39	6	62
91	7	77
26	12	25
64	16	98
67	15	33
60	9	3
82	3	43
54	11	68
79	15	43
33	7	80
25	18	9
46	8	41
78	10	71
47	1	40
7	15	33
30	10	89
19	2	43
40	10	95
44	4	54
66	1	7
47	7	101
102	22	65
72	13	77
23	15	48
55	15	33
41	6	66
79	8	17
24	1	13
69	1	57
92	7	97
78	22	94
83	4	9
23	5	12
51	2	45
39	1	15
64	17	14
90	4	0
27	17	100
47	4	14
12	0	90
99	7	59
50	18	35
86	21	61
2	2	4
1	15	40
87	22	91
80	15	36
56	4	49
28	10	81
66	11	72
2	5	3
60	15	20
25	20	49
68	10	94
15	0	101
23	14	22
79	18	9
49	13	77
43	18	94
6	16	29
4	16	25
4	16	41
45	6	68
12	13	66
16	20	10
17	18	60
77	9	8
92	9	22
89	17	27
82	9	16
65	16	59
9	18	68
18	10	60
56	1	83
33	6	52
100	7	84
4	20	9
78	18	38
99	4	3
97	6	59
18	12	40
48	9	29
99	15	45
20	11	86
47	18	5
100	10	89
89	7	87
79	4	89
87	8	14
49	7	60
47	7	83
59	3	51
80	16	27
2	18	100
63	7	81
23	16	1
98	4	67
33	4	14
100	16	51
51	13	86
32	16	28
82	0	12
45	5	40
35	18	15
28	9	21
74	22	79
10	2	78
31	5	21
86	10	82
89	4	54
73	22	97
26	16	72
32	17	79
17	16	94
73	23	73
26	16	49
45	0	0
87	1	10
74	9	37
8	18	88
48	5	14
24	8	49
99	12	36
93	8	10
22	16	90
51	17	34
19	17	80
89	5	8
1	3	98
59	7	65
20	7	65
42	12	26
22	16	86
28	16	93
31	8	17
36	16	43
36	16	81
67	3	86
5	8	23
73	16	92
89	11	97
41	18	71
35	5	48
16	16	22
4	9	20
83	15	44
96	0	0
26	20	6
28	1	52
25	4	97
87	10	78
68	21	60
55	1	37
39	5	14
24	13	76
99	18	28
82	16	40
1	15	31
55	12	8
25	8	12
16	7	69
71	8	18
12	21	6
53	13	65
31	7	77
79	15	81
101	5	30
41	20	44
64	8	20
90	10	80
58	9	5
75	4	3
77	1	56
17	16	25
66	15	99
78	11	102
97	16	52
19	11	61
63	0	39
78	1	55
52	3	34
103	16	87
53	3	99
8	7	61
45	13	86
88	7	58
82	3	58
39	6	83
29	9	17
15	15	44
11	18	52
97	3	65
28	8	36
22	16	34
36	15	83
63	21	60
8	17	96
88	11	97
60	5	8
54	8	12
34	4	10
84	15	31
63	7	84
58	18	6
85	13	61
45	18	47
101	8	33
89	5	17
85	16	91
35	18	8
9	16	26
43	12	50
56	15	100
41	11	33
76	15	66
103	9	14
13	5	8
15	16	76
33	8	4
61	16	103
101	13	87
6	15	43
43	11	74
70	5	9
8	3	66
88	22	101
70	17	24
32	5	4
0	12	2
42	11	95
64	7	77
61	1	28
10	11	21
56	4	69
35	9	3
31	1	54
44	1	62
40	10	75
86	15	24
39	1	8
39	7	94
85	13	102
3	16	78
87	2	96
95	9	22
73	21	55
4	5	13
93	5	48
92	22	71
67	16	89
20	7	102
95	6	55
54	15	69
27	8	20
78	7	60
36	13	64
17	16	95
7	3	59
42	16	12
58	16	14
94	18	37
89	16	10
42	5	7
47	18	0
70	7	63
100	16	57
87	7	103
42	4	3
90	8	42
72	13	63
35	10	93
13	11	23
47	1	95
88	8	21
42	16	90
70	5	7
17	16	75
47	8	2
98	0	50
80	3	51
81	6	54
21	15	68
28	18	95
13	15	16
88	13	94
33	12	32
59	15	44
65	5	9
32	15	34
94	1	64
22	8	2
79	15	49
19	11	84
81	11	71
72	18	33
91	10	65
93	6	73
96	6	75
67	15	40
79	16	39
24	7	69
4	16	70
80	12	45
22	15	81
75	6	55
34	20	28
63	10	59
44	16	5
4	15	93
27	16	98
79	8	23
35	18	73
42	1	11
29	7	79
9	10	61
26	5	34
100	6	90
86	1	50
8	20	49
78	22	64
73	10	82
50	10	80
90	4	19
47	4	13
52	15	42
19	4	82
53	16	72
36	13	99
40	5	1
41	18	87
40	20	35
15	17	72
92	10	95
36	20	38
65	16	48
99	7	63
83	15	93
95	12	30
41	8	50
48	17	102
47	3	53
73	17	49
54	2	94
53	3	47
4	16	95
75	23	75
10	20	4
52	7	89
45	13	82
26	16	69
15	18	60
44	5	34
68	6	52
52	15	38
28	11	37
19	4	63
53	13	95
72	13	80
69	5	25
28	20	48
12	20	7
37	5	11
26	9	14
102	10	72
52	11	58
41	6	67
45	8	36
68	7	90
49	17	101
30	20	40
52	16	30
49	16	88
38	1	47
81	5	22
19	10	51
103	3	47
58	3	83
86	21	52
0	15	6
32	17	99
59	5	13
44	20	41
20	1	101
55	16	30
97	8	37
39	0	50
55	13	59
49	18	33
76	7	63
70	15	45
61	7	97
74	15	40
43	3	29
81	11	45
103	16	72
103	5	4
61	11	9
52	16	32
94	7	56
102	7	53
28	10	71
66	13	101
7	4	83
53	11	14
34	20	1
87	3	48
25	1	91
12	16	76
38	4	18
8	16	25
66	17	17
0	15	25
58	12	15
94	8	20
95	22	81
33	11	99
7	16	13
20	16	75
94	11	92
19	16	36
34	15	35
34	16	99
21	20	17
61	12	8
13	20	11
31	6	58
41	8	4
36	16	78
61	13	77
40	18	81
72	13	90
76	15	102
63	4	19
87	11	49
24	8	0
46	16	11
95	8	2
65	17	24
45	12	29
32	17	95
7	15	68
34	4	5
42	12	30
77	18	32
96	1	49
10	10	57
28	8	23
5	20	17
94	22	87
95	6	61
77	4	52
102	9	21
26	15	90
81	1	7
36	5	4
73	1	8
42	16	16
71	5	6
90	9	29
13	0	32
98	8	28
28	10	74
59	23	59
37	12	20
57	16	32
77	16	95
24	7	66
17	0	101
64	15	69
54	18	10
23	13	76
82	6	60
61	15	41
9	16	93
73	8	11
101	0	8
6	11	68
50	9	17
50	0	101
66	8	12
16	8	6
31	5	19
3	7	57
32	6	85
5	16	103
92	7	90
55	16	49
70	16	98
8	8	38
98	8	49
8	7	92
27	6	67
60	1	100
97	7	74
38	10	94
46	6	62
37	20	15
51	15	68
38	8	39
51	2	71
90	5	26
32	20	40
15	4	45
53	23	53
6	4	88
83	10	63
30	13	94
69	13	86
80	8	11
101	22	53
8	3	84
84	11	81
60	5	12
101	10	90
98	0	80
64	22	61
18	7	61
83	8	38
86	17	43
98	15	13
100	11	97
74	5	6
49	2	45
54	15	72
59	15	103
53	22	90
71	13	63
8	0	80
69	1	7
4	15	32
74	10	102
97	21	91
86	4	0
17	17	72
91	12	32
40	10	92
52	13	63
0	15	64
4	7	65
17	23	17
8	7	67
34	7	65
21	11	28
11	17	62
33	13	103
13	19	49
49	1	1
88	15	39
96	5	22
4	0	90
52	7	100
14	7	51
64	6	51
22	10	95
2	11	39
14	15	80
2	8	10
43	18	38
91	6	61
25	13	53
20	11	34
89	6	63
50	1	2
61	1	81
37	9	21
9	16	62
66	6	79
72	22	94
76	10	54
32	18	50
36	7	51
80	7	70
47	16	56
103	13	95
89	16	61
21	10	61
30	10	100
20	7	81
77	4	9
13	0	36
21	15	41
87	1	9
31	11	33
78	10	69
36	0	53
19	11	52
64	15	28
24	10	93
19	9	5
21	16	35
18	8	1
29	16	40
61	10	51
64	5	10
52	16	26
97	6	82
59	4	45
68	6	61
67	8	13
49	18	75
52	12	15
10	10	51
38	16	17
13	4	99
58	3	20
49	16	24
21	11	49
15	14	21
65	11	38
65	16	98
31	9	22
91	22	81
92	22	78
40	10	91
22	8	17
59	7	69
18	5	16
43	7	53
67	15	70
10	11	67
59	16	79
36	16	37
79	16	83
13	15	90
68	9	6
3	15	63
49	20	15
82	1	8
28	13	63
62	21	54
63	4	9
87	16	24
74	21	85
94	6	55
57	16	3
31	16	46
2	8	41
29	11	98
65	11	94
65	16	83
39	5	36
3	18	9
73	21	87
16	11	34
62	16	66
13	8	10
23	18	86
7	15	70
95	13	53
34	9	50
67	4	39
12	3	61
30	20	42
55	16	100
27	11	31
39	9	29
42	11	33
100	15	98
43	10	72
23	9	13
10	0	45
49	10	81
14	11	23
40	7	86
7	10	55
75	12	35
11	18	0
79	11	75
63	15	100
79	4	88
94	4	13
2	11	46
51	2	81
66	22	95
78	22	92
89	16	5
56	1	90
95	22	69
52	3	73
60	5	15
77	16	25
68	8	23
38	17	89
88	4	11
25	10	92
84	8	14
68	11	79
46	7	75
30	23	30
12	15	18
51	18	47
77	18	35
55	7	97
55	1	43
31	1	6
68	11	33
23	18	20
37	13	85
5	23	5
93	7	52
11	11	64
19	4	77
36	6	59
89	3	65
8	2	98
69	16	100
24	13	92
58	12	2
46	8	40
4	9	16
61	3	73
27	12	36
66	8	23
12	11	80
1	17	85
81	8	30
46	10	83
84	8	12
50	16	27
55	15	41
82	8	6
18	20	25
91	13	88
94	7	59
34	10	90
59	16	42
97	5	8
69	16	3
13	15	59
75	9	38
24	7	57
58	16	3
39	3	52
45	7	93
71	22	65
37	1	45
55	16	36
40	7	73
43	16	88
3	11	103
9	17	98
54	15	49
36	7	52
87	1	0
30	7	61
38	20	36
9	17	85
56	9	8
87	1	7
51	7	89
24	10	89
50	0	90
58	15	92
2	17	67
95	7	85
83	3	55
32	11	103
100	16	0
74	22	68
39	0	20
100	8	47
17	15	30
18	15	101
82	13	81
67	3	34
26	13	75
71	1	57
3	7	58
100	9	35
24	10	62
16	16	27
76	16	29
65	11	27
56	0	39
5	15	65
96	1	28
24	12	33
0	10	58
79	11	31
23	9	3
75	13	60
34	10	59
3	11	35
25	18	5
20	15	93
70	22	87
17	0	90
96	16	101
68	12	13
98	16	91
95	4	13
25	12	24
30	5	48
11	11	70
60	18	16
60	16	74
33	16	101
46	16	22
1	15	92
103	8	1
25	15	66
5	11	9
69	15	47
13	16	69
47	4	35
61	16	36
78	6	68
14	15	39
34	7	64
59	11	50
18	12	33
88	5	17
30	5	8
64	16	39
85	12	28
93	8	9
72	16	13
4	11	80
28	18	70
103	12	33
32	16	102
90	7	64
30	4	47
63	16	76
27	10	75
18	15	46
74	7	60
67	2	96
35	15	101
60	21	95
63	15	93
91	5	0
25	16	73
21	10	55
54	7	90
98	7	64
14	23	14
42	16	8
49	17	83
51	3	83
13	4	64
47	1	33
21	17	63
89	5	4
47	16	77
82	5	18
74	7	53
63	11	48
28	17	101
21	4	83
40	5	7
55	0	96
15	11	12
55	11	9
3	15	80
73	18	36
5	4	90
19	23	19
17	20	10
95	5	0
29	10	59
91	7	82
99	12	26
98	8	6
50	4	5
44	1	60
63	5	14
50	15	18
56	15	23
48	10	90
78	3	56
34	18	53
48	20	7
51	15	91
103	9	35
28	1	9
38	1	11
4	16	94
31	18	28
28	8	30
92	8	34
43	10	67
101	7	95
103	21	91
73	4	10
90	23	90
39	8	40
24	12	42
95	16	39
48	20	19
71	11	66
90	16	6
32	11	30
73	1	56
58	16	88
85	16	25
102	8	35
44	16	57
87	17	17
15	18	26
43	3	48
72	6	68
81	13	80
84	15	42
84	8	29
54	15	74
79	8	24
42	6	57
79	8	12
60	8	1
29	20	43
87	4	12
2	7	79
93	12	41
101	0	15
6	1	31
48	15	32
10	20	50
60	15	101
94	12	30
23	11	30
71	13	73
83	21	71
22	16	98
97	6	77
91	8	48
71	6	68
44	16	9
49	5	6
52	11	9
92	6	57
92	12	24
41	12	18
84	5	6
96	1	51
67	15	92
20	3	58
72	6	76
82	15	97
1	11	0
16	16	92
30	13	64
23	11	18
35	18	63
92	6	52
17	5	13
100	16	9
16	11	82
75	1	6
40	17	97
48	23	48
53	18	17
35	15	46
12	4	37
29	16	31
52	16	36
84	13	98
40	8	4
52	9	5
41	11	38
1	20	4
75	5	9
98	4	51
81	13	63
89	16	51
2	7	52
23	3	70
22	16	85
9	18	25
12	13	84
20	23	20
60	15	34
5	2	69
83	1	2
50	15	93
19	2	37
30	7	74
53	15	46
50	8	22
46	15	44
34	8	40
22	10	92
78	22	75
0	4	46
91	16	2
84	10	58
59	15	93
68	8	8
55	1	71
94	5	1
92	10	99
40	18	72
5	11	10
5	15	42
88	1	62
24	4	41
37	11	84
85	2	101
59	17	19
102	8	39
31	18	69
8	17	87
65	7	86
77	16	79
78	1	5
13	17	70
57	8	23
14	9	3
87	7	60
78	4	12
85	9	8
55	16	18
44	0	13
76	18	1
33	9	25
89	16	0
85	16	95
40	12	24
53	2	100
78	5	6
100	10	103
37	10	87
65	23	65
9	23	9
67	4	101
0	16	30
6	0	47
74	15	95
40	1	11
58	15	75
64	1	65
73	21	57
91	10	70
11	1	101
89	8	49
80	23	80
22	18	71
76	11	27
40	6	52
3	8	45
5	7	89
12	4	45
29	1	56
54	15	87
33	13	88
82	22	62
59	7	87
54	5	1
97	4	11
72	12	29
80	16	75
89	16	19
82	16	47
23	11	103
27	6	66
76	10	68
98	7	81
56	6	53
11	11	65
44	7	74
32	18	81
66	16	97
59	13	57
51	11	61
18	8	27
27	18	78
20	16	42
90	8	25
32	20	11
67	15	68
5	4	73
22	6	55
9	4	63
26	7	52
47	1	92
46	12	45
14	4	31
13	5	15
31	12	35
91	5	19
58	2	69
77	16	75
89	9	23
28	4	12
37	9	28
86	7	64
42	3	53
82	11	39
81	22	92
36	5	17
29	4	10
48	15	89
24	15	83
58	13	90
81	22	94
25	7	63
11	1	75
83	11	90
37	7	60
63	4	61
69	6	64
52	16	60
78	9	28
70	16	39
38	13	93
58	15	22
26	6	59
44	5	8
24	6	73
39	7	95
15	14	5
25	4	88
56	21	57
48	9	2
46	16	54
48	17	87
47	4	32
37	16	88
33	17	100
72	10	67
11	1	92
103	13	76
70	16	80
15	16	65
90	12	45
24	9	26
36	15	101
19	2	69
98	4	0
59	7	81
95	7	86
47	13	97
85	17	10
39	20	9
78	5	22
44	9	24
85	9	4
56	16	25
28	13	98
63	16	75
17	15	24
16	6	62
97	7	72
14	24	48
42	5	10
5	15	22
72	11	49
43	17	83
64	3	88
57	15	70
1	16	36
97	17	31
46	5	3
78	16	100
60	3	40
93	13	70
89	1	53
85	15	88
51	11	67
21	4	98
34	16	94
80	3	61
62	2	93
76	15	45
29	5	18
103	7	58
79	21	60
102	13	59
21	23	21
95	12	18
17	11	77
52	3	39
52	16	13
65	22	87
59	16	95
70	22	74
47	18	55
27	12	35
8	15	18
85	22	60
94	7	86
27	6	84
20	16	94
103	15	39
29	16	33
7	10	58
58	16	35
70	6	55
17	11	83
11	15	69
70	16	34
59	16	76
15	14	9
6	1	27
101	1	2
97	6	63
28	17	90
79	2	38
12	0	86
76	2	41
2	11	20
54	16	83
29	15	89
90	10	86
34	3	61
96	6	95
71	11	28
80	15	100
21	18	6
4	9	8
60	7	70
59	13	58
24	15	34
86	9	34
29	15	97
103	21	92
78	13	73
36	8	0
10	9	7
8	7	55
22	9	11
102	18	27
59	11	46
94	11	75
78	1	9
90	5	18
35	15	90
99	7	103
6	18	55
91	6	58
31	16	39
32	11	100
56	1	50
86	17	19
98	5	3
2	16	64
41	17	89
15	18	103
91	7	80
25	12	35
31	1	11
87	17	50
87	1	1
14	11	36
6	16	59
1	10	61
68	18	9
89	7	84
21	9	7
40	5	9
101	8	22
0	4	20
31	8	4
41	11	99
31	16	83
28	10	72
65	5	0
44	7	78
59	15	100
94	18	28
6	15	87
4	15	103
71	18	31
101	8	42
31	6	57
68	16	2
82	3	49
101	21	69
30	12	31
101	7	65
85	11	86
80	12	49
52	2	72
62	16	27
12	4	49
72	17	8
69	8	32
62	16	72
78	6	54
42	11	31
48	9	16
44	16	19
52	10	51
94	7	82
84	13	90
62	15	101
12	11	59
55	15	99
80	16	99
39	16	47
31	7	85
35	1	97
73	7	65
100	9	36
71	18	27
65	16	85
42	1	68
18	16	37
11	15	78
92	11	40
18	8	7
64	10	76
39	0	63
91	3	89
39	5	44
66	15	38
28	12	4
91	12	36
91	18	43
19	12	15
20	6	60
20	16	70
101	16	6
90	0	8
102	16	97
78	22	70
0	20	4
13	16	87
92	8	48
18	16	84
86	7	54
51	18	11
102	18	42
19	18	64
10	7	100
63	15	89
82	5	30
16	17	96
89	17	33
22	15	72
60	22	77
20	3	61
16	4	45
97	4	25
69	18	31
101	4	61
19	18	54
66	9	37
41	8	16
21	16	88
68	7	59
67	4	46
54	16	86
3	15	48
38	18	78
57	15	99
101	6	103
9	4	50
101	5	3
63	7	72
21	16	103
4	11	85
81	1	19
54	2	70
1	16	13
26	16	78
15	7	58
100	16	45
48	3	72
73	4	21
19	20	4
34	9	17
72	18	40
16	13	58
53	16	1
65	11	70
10	15	33
12	8	40
6	1	40
5	15	27
0	2	43
8	20	10
0	0	96
53	0	32
93	1	62
82	4	19
89	7	78
84	17	4
91	3	97
5	20	48
50	17	96
70	7	88
72	6	54
8	7	58
96	11	45
66	8	14
50	16	99
5	11	39
56	4	87
33	8	12
26	9	18
79	11	25
83	6	62
4	15	36
34	13	72
24	12	27
67	16	93
61	13	85
98	8	25
81	20	16
22	4	93
81	22	70
15	2	39
11	9	6
28	6	68
16	15	23
73	17	5
58	18	47
27	8	8
0	16	35
94	11	40
90	8	33
17	15	32
39	4	21
38	18	37
46	7	70
61	15	70
56	1	34
10	4	34
43	18	33
93	6	85
4	16	92
35	12	25
96	1	43
86	13	87
52	10	55
102	1	55
3	11	26
51	2	69
88	3	54
89	15	101
100	23	100
55	11	0
30	10	60
53	16	81
41	18	37
72	15	47
1	15	70
17	16	33
69	8	18
26	8	0
49	13	85
20	3	55
14	5	12
93	18	8
80	0	98
91	16	4
12	10	56
90	4	21
4	12	28
79	11	70
6	1	99
46	5	35
47	16	8
17	17	71
8	17	72
62	10	53
29	5	24
85	9	20
55	3	29
50	9	15
94	8	29
70	22	81
55	17	16
56	15	93
61	15	65
25	15	69
27	18	43
51	2	96
97	16	19
62	22	82
33	5	7
15	8	47
63	11	29
91	7	85
65	16	4
3	18	15
45	0	61
48	3	69
42	23	42
12	3	51
28	8	18
37	10	72
66	8	3
72	9	21
41	8	34
13	19	43
49	8	36
12	4	69
68	8	17
38	16	8
25	10	68
99	12	35
75	7	88
4	18	60
34	9	2
43	13	59
7	20	48
61	10	57
39	7	75
60	16	78
54	6	57
97	9	44
98	0	17
4	15	23
100	16	21
58	15	70
30	8	19
39	10	73
93	5	2
67	15	95
18	7	51
95	9	33
81	8	23
16	5	3
23	16	78
73	16	40
2	7	91
1	15	64
45	13	101
26	7	74
4	20	7
14	8	1
31	16	90
36	7	58
90	0	50
57	10	51
94	23	94
99	9	38
55	11	66
89	6	83
2	3	49
94	4	3
48	9	50
97	5	34
5	7	53
20	8	28
59	16	68
10	20	20
27	4	14
100	4	79
57	3	83
49	6	68
18	0	53
37	1	10
102	10	78
78	1	1
81	22	99
87	7	61
70	11	38
21	20	12
25	16	44
68	12	14
103	6	80
14	11	24
100	4	11
64	10	79
87	8	23
53	16	5
70	1	54
99	9	42
75	7	100
76	15	37
7	11	10
89	23	89
1	16	26
33	18	78
103	10	53
90	22	88
53	13	79
95	12	32
37	17	90
35	9	23
100	9	26
69	1	0
11	8	29
18	16	67
13	15	85
67	9	10
27	7	80
51	15	94
0	16	26
3	7	55
15	20	0
11	20	26
82	13	72
62	2	88
58	8	44
53	3	42
70	11	25
10	15	64
82	4	10
7	16	3
26	7	57
73	17	37
33	18	69
64	8	29
43	18	31
90	5	14
8	8	41
62	10	60
37	1	96
92	17	32
101	7	76
12	3	52
0	15	27
88	5	4
2	7	78
76	8	50
74	21	90
0	2	37
12	15	103
16	15	35
37	17	101
18	5	4
34	17	102
48	16	64
102	23	102
11	1	94
41	8	39
35	5	16
7	4	34
0	7	93
5	4	50
26	18	15
11	18	10
53	15	29
51	16	103
45	8	32
18	15	90
0	15	42
44	15	39
87	16	100
46	13	87
85	9	17
10	15	94
29	4	67
60	15	85
99	10	75
17	11	46
23	13	79
85	8	6
67	11	74
9	1	81
87	22	99
78	6	65
7	2	81
18	9	14
8	15	44
33	3	53
88	12	38
55	3	90
79	2	91
36	13	70
27	4	3
93	8	1
68	8	16
96	17	48
26	14	33
32	20	6
5	18	6
85	13	78
102	12	17
63	7	65
77	7	66
3	11	32
82	3	74
90	4	58
26	18	63
36	14	25
69	16	24
17	15	23
59	11	63
44	7	72
34	5	3
3	8	28
14	4	41
56	17	5
10	2	72
1	2	72
45	1	84
60	16	28
31	20	44
80	10	82
50	18	103
82	9	50
85	12	49
50	12	28
70	16	73
24	4	11
91	11	33
48	20	9
84	10	52
74	15	92
68	11	31
14	15	85
45	7	103
46	16	47
20	18	23
12	4	43
27	11	33
38	1	6
78	14	16
84	6	68
62	7	68
13	8	7
4	11	48
90	17	43
74	15	38
69	13	40
96	21	82
68	15	69
96	17	16
30	5	2
92	22	96
85	4	44
97	5	20
3	15	16
11	23	11
62	21	64
57	15	40
39	8	22
98	6	60
88	0	14
90	11	101
12	4	71
9	18	53
10	17	77
80	3	55
69	18	33
57	15	42
72	12	39
87	10	69
29	11	101
1	16	30
81	20	17
43	3	2
13	0	18
46	10	73
101	5	14
97	8	28
73	6	53
20	15	30
99	5	1
83	9	48
95	12	36
67	22	54
71	8	32
63	4	58
84	13	77
75	10	91
45	4	46
13	0	93
32	9	3
98	8	33
29	3	55
51	2	66
69	5	11
41	8	46
76	11	99
53	3	94
14	15	101
9	15	38
11	15	28
54	2	27
21	9	19
35	17	91
32	18	15
62	15	46
18	16	87
85	3	51
32	7	58
68	3	3
21	9	1
86	2	101
37	13	73
27	10	68
22	15	78
59	7	84
7	15	96
25	15	102
87	8	39
73	13	66
28	18	33
83	3	67
45	7	88
2	15	88
99	18	37
85	15	35
8	14	19
103	10	88
75	5	10
81	3	2
7	15	95
57	16	24
28	16	89
43	8	26
24	17	94
59	7	72
52	15	92
25	23	25
88	6	77
12	23	12
75	7	59
7	15	40
88	12	31
9	9	0
32	6	59
22	5	1
95	7	77
72	1	5
100	8	28
48	7	68
38	20	23
52	0	45
65	1	40
44	16	1
41	1	25
30	16	45
57	3	12
68	8	48
23	15	90
3	11	13
80	0	8
16	5	14
2	13	51
80	11	85
74	16	88
72	17	4
21	8	3
96	10	81
64	18	5
39	0	85
97	6	90
26	7	61
92	13	53
56	15	24
21	11	74
72	22	91
50	8	38
81	16	88
82	7	79
22	5	9
89	0	14
22	12	32
53	22	77
62	18	29
74	9	19
49	18	94
46	6	53
61	16	60
35	12	27
63	8	6
20	7	72
0	2	78
2	8	19
45	5	22
46	3	67
42	6	67
99	6	84
44	10	93
86	16	75
70	8	50
45	20	2
5	15	91
76	15	81
1	4	20
15	2	73
20	7	68
92	7	85
13	16	74
25	16	41
10	16	13
73	16	27
95	5	10
24	12	22
7	4	82
73	4	0
58	9	9
64	7	73
54	7	101
43	5	11
80	13	96
100	0	14
24	10	103
62	6	56
31	6	67
16	16	76
33	8	34
58	2	102
102	16	88
64	1	38
78	13	85
40	18	78
93	9	35
17	11	82
82	21	87
35	5	4
69	3	82
24	5	50
46	13	96
65	16	90
30	10	62
52	13	101
75	10	65
67	16	26
10	2	102
67	11	87
14	15	90
66	11	43
13	19	21
31	18	102
90	7	65
46	9	2
51	15	38
17	20	21
70	11	91
97	1	62
63	15	18
82	11	101
68	22	74
24	4	6
77	15	97
38	10	70
71	11	102
0	16	18
67	9	9
91	4	18
95	18	43
20	16	38
53	13	92
60	11	36
81	11	96
43	12	20
76	7	90
49	16	97
10	4	73
85	0	90
40	9	22
30	18	86
74	17	4
74	17	50
102	3	8
31	8	29
20	4	1
85	15	36
7	16	32
19	11	55
62	16	84
75	16	101
1	0	45
0	2	72
31	20	23
17	1	86
55	16	93
78	16	13
36	13	75
62	15	16
73	16	99
28	20	46
67	15	91
81	11	74
41	13	103
34	8	33
1	17	82
5	17	98
85	13	84
27	18	102
73	1	17
42	8	20
102	6	79
44	16	10
78	8	32
32	9	18
76	11	75
22	18	102
27	10	76
51	2	43
37	11	102
19	2	71
103	16	96
84	9	28
70	5	19
27	7	86
8	15	13
90	22	53
37	8	23
87	10	72
44	7	71
78	12	48
91	22	72
19	11	21
75	13	53
38	16	4
27	8	48
8	11	85
20	9	2
3	15	90
96	8	23
83	7	99
36	11	103
20	8	43
83	5	23
23	16	7
18	5	48
77	11	85
76	8	12
26	12	22
84	8	30
38	11	42
11	15	102
46	13	69
69	17	17
54	16	73
59	7	78
92	5	10
102	1	52
48	3	61
10	16	35
79	4	97
0	15	70
30	13	79
26	7	51
43	18	91
53	13	76
6	11	65
6	1	38
100	7	81
68	16	86
54	2	38
20	8	49
39	7	79
83	21	81
9	16	103
67	8	17
76	15	71
23	17	95
94	15	96
60	12	11
78	14	39
39	12	49
50	23	50
44	8	49
71	11	74
21	4	34
31	9	38
36	7	84
60	18	48
17	17	78
21	15	76
46	13	72
10	16	93
96	3	4
60	16	49
80	3	84
16	11	50
69	11	102
37	20	50
96	5	33
50	9	20
26	8	10
38	11	31
43	1	57
54	4	100
77	9	20
61	11	67
43	8	13
35	0	53
12	16	99
46	11	101
3	15	2
3	8	19
3	15	86
17	15	89
61	7	53
78	13	101
63	4	1
6	1	33
47	3	60
88	4	79
29	7	84
37	1	57
7	20	4
14	15	17
79	7	85
62	15	48
73	21	96
29	16	75
43	18	70
90	9	46
52	3	48
48	15	44
66	10	87
14	3	54
82	6	103
94	13	93
49	16	44
98	10	73
13	7	55
93	16	0
68	7	56
4	7	91
4	11	63
48	10	85
91	1	79
43	9	28
87	13	98
97	3	54
36	16	72
51	2	102
42	8	29
57	15	92
6	15	69
81	20	4
21	15	64
48	16	54
10	4	39
77	0	39
65	3	44
31	18	49
83	5	24
84	16	44
64	8	17
69	1	51
9	4	77
78	1	52
42	5	1
87	6	76
54	2	36
48	3	52
0	20	12
56	16	64
68	6	58
53	2	44
14	4	42
0	15	65
1	15	22
73	8	47
36	7	66
39	7	64
12	4	78
94	9	42
93	7	71
64	11	31
19	16	14
98	6	100
103	15	101
44	15	98
33	8	50
20	15	88
99	11	95
46	10	82
78	11	81
13	4	41
74	16	35
80	3	58
5	17	86
8	7	64
22	8	4
16	20	5
70	12	30
10	9	9
14	15	4
3	17	79
18	17	91
14	16	37
49	8	13
35	15	39
60	7	57
19	4	90
73	18	30
90	5	35
4	3	51
20	9	12
98	0	4
63	15	24
48	18	73
73	21	69
23	11	97
29	8	42
70	22	66
99	5	5
99	8	20
39	0	77
61	0	96
14	15	50
47	8	20
79	16	86
51	3	48
13	13	76
102	16	100
42	20	23
76	21	62
43	8	36
86	23	86
90	7	94
85	6	62
77	8	22
47	4	3
39	5	18
78	9	37
101	16	47
69	8	35
103	15	34
16	13	61
33	18	71
62	16	40
81	18	31
50	16	95
17	9	12
80	13	72
65	16	34
9	11	21
9	10	51
16	7	102
74	8	12
27	16	101
25	8	29
28	8	13
0	15	79
84	17	16
56	5	13
33	9	27
38	7	82
99	22	72
2	11	48
36	18	77
57	16	36
32	17	75
13	16	102
74	10	87
54	15	97
58	16	30
11	20	36
72	8	36
24	8	7
83	0	12
66	9	28
65	5	1
64	11	95
78	18	27
34	20	43
37	18	95
17	16	76
63	15	44
87	17	15
81	1	55
16	16	25
93	7	87
8	16	11
7	7	97
38	6	61
92	10	76
94	1	25
63	1	2
37	8	13
1	4	90
4	7	72
86	7	79
11	20	32
13	7	96
58	16	18
75	22	87
7	16	62
56	16	94
85	7	54
100	10	93
43	1	55
40	10	79
5	11	19
66	8	35
48	9	20
38	7	59
38	1	76
62	7	55
25	16	47
14	20	25
78	17	8
20	11	16
18	20	11
12	3	96
80	13	102
102	10	75
95	22	72
83	3	51
93	8	5
53	16	28
68	7	85
79	15	66
30	12	25
58	7	59
51	22	65
20	11	90
37	17	83
11	15	66
4	13	58
72	10	69
63	17	21
95	10	65
82	4	0
5	0	45
59	17	10
75	7	93
60	21	99
26	10	89
48	8	11
88	3	64
9	17	73
94	13	60
51	2	72
17	18	53
38	5	10
38	10	92
31	8	12
45	7	89
29	16	92
63	2	101
7	2	87
81	18	40
31	10	76
6	15	84
17	13	61
78	1	61
19	2	81
70	22	102
9	1	102
45	4	85
25	16	80
78	12	20
68	6	67
5	4	63
68	5	10
98	11	101
1	20	12
78	18	41
2	9	15
9	16	14
12	20	1
65	5	21
5	15	70
15	15	24
79	15	102
100	4	54
88	8	37
84	3	8
71	8	24
50	13	84
63	16	70
77	16	64
57	8	17
58	9	1
39	7	70
8	16	65
17	20	1
90	1	56
33	5	5
12	15	44
18	17	70
36	13	95
61	1	69
95	6	58
83	8	6
0	10	61
24	10	100
17	16	64
60	11	30
87	22	92
58	2	81
14	9	13
62	9	3
5	18	68
42	16	83
91	3	13
21	17	59
35	5	12
4	18	53
78	14	34
94	7	90
23	18	98
75	9	22
26	13	95
62	13	99
78	11	49
34	20	49
95	11	92
51	15	27
28	8	35
80	3	1
51	17	15
59	21	74
42	7	86
18	3	54
73	7	70
56	16	65
93	9	18
29	4	9
19	2	72
23	16	87
76	8	15
85	5	13
25	10	76
74	9	49
41	16	15
38	20	24
56	3	72
39	0	80
91	23	91
77	15	24
85	12	37
27	10	92
8	18	103
3	8	5
91	6	57
69	13	85
68	8	24
25	9	31
103	16	45
13	11	62
96	1	74
83	17	49
81	6	79
66	15	33
98	8	22
35	6	82
79	16	101
62	5	12
16	16	31
1	18	6
62	7	52
9	16	60
31	6	84
16	8	42
4	20	10
38	11	33
6	15	49
2	8	42
93	1	53
81	11	102
73	11	98
20	20	10
87	16	89
32	16	66
88	8	19
11	8	3
43	12	16
96	8	30
49	12	20
9	7	89
40	10	68
0	10	55
18	15	82
11	15	49
15	15	89
83	15	100
45	5	38
102	13	101
34	5	14
21	7	53
30	9	23
73	11	46
21	11	67
76	8	16
40	7	59
93	9	30
9	15	70
94	5	7
27	9	25
44	5	16
64	9	25
92	2	47
51	11	52
49	18	70
40	5	19
5	4	34
21	12	48
95	16	46
50	16	79
55	16	26
43	15	47
54	7	103
44	4	79
17	15	88
25	12	26
61	16	14
56	15	14
71	18	40
4	4	45
76	16	20
74	15	33
81	6	68
63	4	5
93	7	58
26	7	66
74	3	39
100	16	7
13	15	82
22	5	5
41	16	2
97	16	58
4	15	44
98	6	62
12	11	20
61	9	19
14	8	0
29	13	78
9	12	2
7	16	14
89	5	50
34	15	44
43	3	82
74	16	30
10	20	16
59	5	14
35	13	75
59	15	88
93	15	98
86	16	38
55	15	31
68	15	84
94	6	74
48	10	59
79	6	55
37	8	18
10	16	36
67	7	53
55	21	86
23	20	31
48	3	58
59	15	32
7	16	93
30	5	12
77	11	48
13	0	89
8	16	79
2	2	69
68	18	19
66	11	102
10	17	56
26	8	7
94	5	5
99	16	83
30	8	10
6	16	86
81	13	86
26	17	91
101	0	56
39	18	23
45	10	96
85	17	19
3	8	49
24	7	87
3	4	75
62	7	75
68	13	103
16	0	90
13	0	103
78	13	86
66	7	82
102	11	43
35	16	78
75	6	67
36	3	54
47	7	90
96	17	20
97	7	81
1	9	5
7	16	26
80	11	101
98	3	61
60	16	102
81	1	5
75	5	7
4	15	88
76	9	6
38	6	57
91	1	6
4	5	14
94	12	35
103	12	38
99	8	16
48	0	98
78	13	98
38	3	53
5	16	93
74	21	63
14	15	20
70	5	10
53	18	8
97	0	3
61	1	78
83	4	21
99	5	10
35	13	65
53	16	51
31	12	24
74	17	17
41	11	75
39	5	32
93	13	99
20	11	48
65	21	60
63	18	35
91	9	22
38	6	74
75	7	56
67	15	42
25	18	19
81	11	28
6	16	85
89	21	99
3	17	65
91	18	49
62	7	67
0	7	100
86	17	49
103	16	81
80	15	26
81	16	93
83	8	42
94	18	21
65	8	36
44	4	11
4	16	64
88	4	22
9	15	99
61	3	29
20	16	40
16	8	11
7	10	57
31	9	42
29	17	96
62	7	1
37	1	19
92	4	3
72	8	18
56	4	71
93	11	44
1	25	34
74	16	93
95	5	9
4	16	75
70	11	95
41	5	0
37	18	65
44	4	76
49	12	17
92	17	35
82	23	82
69	7	60
36	10	88
93	13	94
8	11	56
77	9	4
84	10	66
71	19	13
102	13	77
58	15	91
2	16	75
25	6	57
49	20	2
30	7	84
59	6	62
53	2	88
42	7	85
103	7	55
103	16	49
35	20	6
33	9	31
98	4	7
0	11	67
27	5	19
7	20	50
98	0	85
47	18	51
26	1	97
75	5	1
17	16	31
33	12	35
61	1	71
85	13	81
48	18	53
102	16	3
9	11	74
99	10	76
38	6	51
30	13	65
82	7	68
99	6	61
25	12	13
28	11	49
98	6	103
21	4	86
43	18	95
40	16	90
66	15	27
44	11	100
38	18	43
14	12	22
101	5	13
102	9	49
30	16	87
97	7	66
17	15	36
64	16	90
93	5	34
54	6	52
41	11	27
18	8	9
12	11	85
78	16	97
36	13	65
9	1	49
51	3	59
81	5	25
27	5	21
9	16	36
20	5	14
25	20	46
92	18	43
70	6	52
78	18	33
48	3	71
72	10	71
19	4	101
16	15	93
23	20	27
64	15	66
37	18	40
46	5	32
79	16	2
75	22	71
58	16	60
61	15	22
84	13	73
40	9	38
84	10	57
41	20	24
30	7	55
60	7	58
39	13	87
97	15	101
0	7	97
93	8	21
11	11	25
97	1	36
82	5	13
34	4	0
42	11	75
24	9	44
37	10	69
42	11	99
79	6	57
13	7	78
64	13	89
98	8	45
76	13	53
88	12	40
73	21	102
76	21	60
98	7	75
32	20	38
26	6	80
43	18	27
41	12	35
89	5	46
75	12	30
95	10	70
86	16	95
34	1	8
14	11	32
41	23	41
73	10	77
55	11	74
51	2	28
36	6	80
85	21	96
25	18	45
38	4	3
34	17	74
36	15	29
88	6	63
49	16	89
9	1	43
82	5	14
10	18	11
49	18	27
4	15	30
33	10	68
3	4	94
84	7	103
9	16	88
66	13	86
75	10	64
75	16	98
75	8	4
100	9	30
49	8	35
98	0	20
102	12	50
92	22	69
76	23	76
83	9	20
7	3	56
8	18	62
22	18	37
33	18	72
53	3	38
85	4	45
79	11	92
63	16	38
69	18	22
88	7	74
79	8	16
7	18	47
2	15	103
103	8	0
46	8	25
43	6	64
77	9	15
14	16	78
5	17	56
77	7	54
76	11	70
80	7	54
77	7	81
98	3	57
83	11	46
2	16	94
103	18	15
53	16	19
34	17	96
55	16	103
70	6	51
56	11	17
85	16	68
3	15	59
23	11	44
62	15	83
24	9	18
39	12	45
33	18	43
9	11	10
25	8	17
65	18	49
25	1	94
52	18	6
14	4	91
11	7	83
101	5	35
74	17	16
96	3	2
27	16	39
55	23	55
69	6	79
30	4	41
51	18	13
42	16	56
19	17	56
51	23	51
2	7	92
46	5	24
47	6	102
20	20	19
13	7	51
29	10	86
0	15	95
10	15	70
87	16	88
34	1	56
11	2	33
20	4	45
76	10	64
78	18	40
7	8	44
27	18	49
96	13	80
8	2	73
47	0	68
50	17	71
59	9	12
95	18	37
42	16	15
24	15	98
62	16	31
64	8	24
42	7	82
76	11	92
5	16	62
6	1	70
21	17	85
25	20	18
58	15	54
42	11	41
57	2	72
59	7	102
58	13	77
100	5	29
103	6	82
8	7	75
95	10	87
67	7	90
93	6	86
21	7	89
55	11	67
76	16	98
11	11	54
67	11	28
94	18	49
69	4	56
57	11	55
51	15	70
22	8	8
2	11	98
46	16	92
50	20	0
9	1	37
24	5	16
80	10	59
81	18	41
49	6	54
85	8	47
53	18	16
30	9	18
41	1	11
65	12	18
46	9	20
72	16	24
20	15	32
15	9	8
34	10	86
30	15	39
21	15	79
76	4	44
29	15	93
78	8	30
74	9	21
81	8	26
23	3	64
19	4	50
22	16	63
63	9	15
54	3	93
85	15	18
27	13	93
15	11	2
100	16	52
96	5	42
64	7	59
93	7	66
100	9	32
61	16	93
74	3	2
65	11	22
93	13	75
17	15	103
76	4	89
8	17	51
24	8	37
60	9	4
91	15	45
11	18	1
78	13	82
37	1	1
50	15	44
32	16	49
36	15	46
24	6	56
44	18	2
79	11	33
32	16	69
51	3	90
49	16	93
31	17	100
48	20	21
63	9	4
0	17	85
48	4	45
7	23	7
93	5	16
87	23	87
18	6	63
50	15	97
96	6	70
46	8	27
55	15	54
3	8	1
9	15	41
100	9	23
72	4	12
53	13	75
17	7	91
98	5	36
95	7	56
7	2	72
45	5	11
96	1	69
73	11	39
93	16	51
34	17	69
0	4	73
94	10	65
3	4	92
79	12	13
76	12	36
24	0	53
63	1	56
58	2	78
89	9	44
41	7	90
67	10	52
1	11	10
39	13	78
77	22	60
73	5	14
28	18	91
86	6	60
6	8	15
21	20	50
103	16	37
80	5	3
4	2	73
76	16	39
7	18	11
61	11	7
52	1	43
22	15	66
55	18	47
9	7	100
9	9	19
85	16	31
8	18	36
15	20	49
44	0	3
103	13	70
34	15	103
59	11	16
31	1	47
81	6	65
83	7	54
103	15	29
51	17	8
16	8	28
97	8	47
90	10	83
63	16	91
16	8	43
52	16	3
17	11	34
44	20	42
11	1	95
13	4	27
6	15	74
39	7	65
90	5	44
32	10	60
43	9	37
52	1	28
9	11	67
33	10	76
31	16	2
43	1	19
47	8	48
89	5	20
43	8	23
34	7	79
23	23	23
11	7	90
10	15	40
103	8	5
46	15	100
85	11	29
18	10	62
0	0	45
5	11	0
99	6	55
2	2	50
101	13	81
6	20	3
0	11	7
25	11	34
67	12	15
80	10	63
14	4	47
62	18	8
63	9	20
6	20	18
84	2	45
69	1	58
56	1	101
75	8	2
80	10	56
88	15	98
64	3	53
44	7	55
93	6	56
11	8	46
65	11	76
19	10	57
93	7	57
98	0	77
32	8	19
64	8	48
27	13	60
24	5	15
53	2	93
72	6	79
33	17	89
79	10	65
3	8	0
27	7	59
2	8	9
83	5	26
3	0	44
46	3	57
54	15	102
95	8	4
92	9	25
30	8	5
36	10	100
89	1	62
62	7	58
26	16	43
13	15	12
95	8	20
41	4	60
87	3	2
54	7	56
11	16	80
71	11	37
68	23	68
32	18	63
59	18	23
99	8	50
53	16	61
73	18	13
64	3	93
83	7	92
26	17	92
14	7	67
44	9	18
102	9	28
78	13	59
86	21	58
16	9	12
63	7	54
46	8	38
18	7	96
15	11	77
56	16	6
56	16	68
95	7	89
57	3	82
37	11	66
70	5	1
44	8	43
70	6	58
74	10	58
2	18	14
73	16	33
82	10	77
21	7	60
46	13	102
66	9	21
46	4	10
14	8	10
12	16	54
31	10	65
12	15	93
89	4	11
59	16	25
13	15	80
34	3	52
103	5	2
4	20	19
61	8	17
64	22	57
82	17	1
100	6	56
49	13	86
12	0	39
11	8	8
4	17	74
33	10	79
91	16	56
31	9	41
65	11	42
72	11	78
65	15	45
78	10	84
47	0	79
61	11	0
14	4	33
64	10	54
28	17	82
71	3	48
4	20	1
30	13	95
30	18	63
42	18	78
44	7	87
96	16	44
3	8	10
65	15	74
66	7	53
56	15	89
23	18	59
43	3	80
51	17	4
74	13	82
43	18	40
88	5	16
9	15	91
56	16	27
24	5	4
74	11	78
61	3	39
8	23	8
73	16	94
98	4	10
65	15	66
17	17	84
9	11	58
79	10	68
40	17	100
100	4	6
50	9	4
2	8	38
27	7	56
85	13	71
100	7	67
40	19	12
88	8	47
15	2	29
41	18	78
90	4	10
33	7	85
84	9	1
96	5	40
10	15	42
58	16	26
78	10	87
17	12	43
90	0	16
68	16	73
1	16	62
43	8	14
1	2	81
97	9	24
53	15	73
69	8	46
37	18	27
3	0	89
101	1	85
55	15	70
47	6	81
15	20	37
67	16	18
60	11	18
1	7	100
28	23	28
33	12	24
66	3	15
90	0	48
83	5	32
95	10	75
68	9	22
55	15	91
69	8	39
12	16	75
47	16	59
35	9	14
71	18	33
58	7	53
96	17	39
96	16	3
32	17	68
67	9	5
1	4	83
0	15	40
0	15	33
85	12	43
52	3	29
65	9	11
17	8	6
13	15	17
70	16	90
8	11	4
0	9	9
68	4	100
17	9	20
23	10	60
37	13	98
23	11	36
59	16	27
16	16	64
99	22	87
61	11	21
35	17	92
17	4	45
15	18	53
6	7	80
15	8	31
44	5	46
45	16	62
35	7	55
51	15	75
62	8	19
72	1	1
38	6	66
27	11	40
60	16	84
22	16	82
2	18	89
82	11	98
31	15	45
74	3	80
22	20	44
32	8	10
103	5	12
11	4	97
103	16	66
79	15	45
66	16	93
75	2	47
61	8	16
30	16	102
29	17	74
24	9	35
20	11	82
91	1	25
35	8	21
50	7	64
47	3	103
27	8	50
93	5	29
101	22	88
14	10	60
88	16	96
26	8	21
29	16	99
38	7	77
74	16	36
84	3	15
77	11	82
23	11	35
50	7	94
59	17	9
22	15	45
62	11	14
91	3	44
21	0	45
66	8	26
68	15	37
95	7	59
49	20	48
95	7	82
97	8	43
60	7	55
1	16	18
3	17	70
45	6	76
28	10	67
76	6	58
96	6	54
70	13	62
99	8	8
17	8	11
60	21	94
97	1	103
25	16	37
41	13	62
52	18	11
12	16	68
85	11	34
56	23	56
32	7	67
0	2	84
65	22	71
90	22	93
46	9	34
59	8	11
10	15	76
71	6	79
21	12	8
42	1	6
46	7	76
102	18	33
52	2	69
63	11	46
56	15	44
3	4	101
18	6	59
86	11	83
8	17	78
69	11	28
93	6	59
85	11	48
37	10	71
59	10	56
28	18	22
47	18	7
25	11	33
23	1	93
88	8	10
92	8	15
73	20	82
65	25	101
11	15	19
15	22	18
39	8	91
19	19	2
80	5	57
103	17	34
80	4	83
103	2	13
39	2	89
48	14	88
72	7	17
69	9	24
98	10	51
19	25	19
2	22	30
22	14	96
11	6	15
12	1	72
94	15	14
43	24	57
43	6	4
6	4	21
91	9	80
94	8	86
25	19	43
55	11	75
9	5	59
45	4	70
34	16	71
24	2	96
94	22	20
26	23	79
0	16	22
89	10	96
7	25	19
102	24	24
45	8	90
35	21	90
88	8	74
11	7	64
19	16	69
86	14	11
6	2	97
24	2	89
95	13	17
48	15	28
49	18	88
28	22	36
8	12	21
51	4	4
13	12	71
42	3	46
99	24	40
47	23	24
18	20	16
33	10	1
58	22	10
33	11	82
82	23	102
55	10	96
63	22	23
94	16	69
14	17	91
77	1	90
28	20	7
39	24	13
67	23	9
24	17	13
102	21	103
43	2	56
86	15	30
76	24	102
57	18	59
47	20	15
5	15	93
103	9	19
80	9	54
98	3	41
89	4	44
96	20	29
54	6	45
14	3	61
72	10	77
72	24	39
3	12	33
79	17	89
89	6	78
27	23	78
65	25	42
88	21	101
46	2	34
82	21	89
74	17	49
76	21	102
60	20	90
81	5	38
18	8	82
75	25	67
60	17	96
33	15	89
89	8	88
53	25	29
35	24	18
10	11	14
102	7	10
64	7	60
85	5	97
28	4	4
38	18	20
82	10	49
64	20	67
97	3	59
93	22	14
40	13	82
64	8	47
96	2	19
62	23	65
45	20	57
87	4	9
30	18	84
7	5	47
99	11	33
14	12	95
59	16	34
50	1	69
76	14	88
83	8	71
51	15	15
27	9	71
51	12	62
0	16	94
14	7	26
54	10	28
12	6	100
59	15	5
87	16	29
44	21	73
26	3	66
82	8	30
11	0	9
38	18	88
77	24	94
34	13	42
51	21	93
75	25	90
61	6	74
64	14	15
42	3	57
91	2	92
49	16	39
53	21	30
50	11	34
101	7	71
52	7	82
18	24	46
34	5	33
41	24	23
53	19	4
50	15	87
65	2	87
76	6	41
11	2	14
0	13	71
3	3	49
36	21	13
103	9	8
86	21	68
39	13	15
20	14	95
99	20	6
12	3	34
48	3	54
61	2	89
39	21	13
48	13	97
63	7	21
33	22	97
75	2	38
4	16	89
42	15	68
41	10	33
38	5	18
34	12	8
17	22	43
82	24	32
33	7	10
14	10	59
26	4	64
71	4	85
83	0	67
91	18	94
32	22	66
76	10	1
78	4	97
0	20	34
27	10	13
51	17	57
34	16	59
24	20	37
24	9	15
23	2	58
39	24	57
72	9	38
94	23	50
101	4	37
46	10	29
43	2	55
43	11	99
40	6	41
32	23	10
3	11	55
56	14	99
18	6	51
79	11	81
89	1	23
59	15	60
6	11	2
20	13	72
0	10	103
66	12	29
32	6	25
33	10	45
37	15	43
64	24	37
33	2	65
28	11	75
10	17	67
90	10	60
95	1	0
1	7	26
23	14	26
53	20	0
37	7	83
34	17	20
99	16	100
23	6	50
19	0	15
72	1	67
52	14	83
24	5	11
24	5	62
69	4	46
3	16	55
53	13	61
36	25	82
54	10	87
13	22	36
86	20	87
55	20	25
31	3	92
2	10	52
91	11	26
2	17	27
69	18	51
59	6	73
24	14	97
20	10	85
97	10	36
26	14	78
5	7	28
67	2	40
55	6	97
16	3	98
21	24	71
21	0	21
3	22	95
85	10	18
59	7	12
65	14	55
30	9	49
43	18	14
92	13	81
27	8	35
77	23	63
65	2	52
67	3	39
71	3	68
56	13	90
88	12	45
4	5	47
99	19	59
16	5	72
1	20	99
24	18	76
73	11	96
62	1	100
96	2	103
12	22	78
34	3	86
52	1	100
91	1	27
38	4	65
61	7	78
21	14	9
92	10	71
31	17	21
56	21	27
1	0	89
24	23	10
47	15	91
39	5	99
39	10	58
59	10	4
56	5	5
35	1	2
71	12	8
0	11	13
3	0	26
4	20	40
102	21	48
70	6	95
44	18	52
0	23	38
29	11	3
71	5	35
37	25	58
53	14	74
77	19	10
28	9	41
47	10	33
95	0	28
39	7	2
70	9	13
20	18	76
97	7	33
59	24	25
28	19	76
57	2	5
90	14	49
51	6	50
51	1	3
44	16	39
44	24	38
10	10	82
72	16	41
78	15	3
75	24	51
92	23	49
1	2	91
10	5	22
46	8	83
93	24	89
32	1	95
5	11	70
35	25	59
84	9	98
90	5	67
84	12	29
85	25	30
67	21	5
51	23	30
65	7	38
84	2	98
35	11	99
31	3	60
47	6	59
58	23	77
68	22	88
94	5	51
23	6	70
74	13	20
70	20	13
88	22	67
71	13	29
86	20	33
0	6	21
84	21	78
84	25	73
72	9	13
33	19	49
31	16	92
8	24	18
81	15	29
87	22	49
91	19	49
51	16	64
5	14	57
77	7	95
83	17	57
9	13	16
34	22	12
1	6	75
90	25	55
65	3	24
29	1	91
10	10	63
56	10	86
68	24	16
11	20	103
70	9	32
65	0	52
29	24	7
67	19	66
47	3	95
72	19	82
39	19	31
25	8	36
36	11	24
101	7	103
20	24	59
22	20	55
51	19	67
5	19	46
46	10	27
57	18	82
56	3	82
75	8	99
13	7	18
47	12	24
27	7	91
39	18	8
26	7	25
48	17	52
87	3	65
52	14	27
57	18	84
30	12	12
10	11	85
64	18	81
53	9	14
69	9	44
0	23	4
30	5	14
89	14	66
46	19	27
74	1	58
92	18	101
50	12	96
1	11	102
57	21	13
99	22	97
63	9	70
65	25	9
15	5	95
86	10	45
8	18	71
68	16	97
31	13	24
62	7	17
9	22	48
79	15	67
55	4	40
9	18	80
44	11	65
9	3	94
59	13	48
14	18	95
89	0	81
3	4	98
79	10	67
68	7	0
79	20	26
75	16	48
6	18	6
14	6	58
0	21	37
53	23	98
32	6	97
3	0	32
50	16	85
74	15	68
96	19	80
23	25	3
81	7	76
38	10	62
10	17	39
52	21	56
86	7	58
62	21	4
58	7	29
8	25	25
28	1	4
90	1	4
100	8	101
43	19	6
24	18	14
60	19	18
67	13	42
103	11	43
4	11	12
6	18	42
69	10	96
36	13	28
58	15	58
81	4	21
49	23	30
68	24	52
15	15	78
0	17	1
78	7	48
66	10	50
75	1	7
87	23	98
71	3	26
102	3	43
63	21	35
77	15	86
48	12	101
79	11	53
43	4	9
69	25	29
10	15	61
7	5	77
43	25	9
41	0	29
23	9	95
83	20	63
22	17	38
45	9	102
39	9	17
46	5	84
25	9	1
24	9	63
5	2	65
1	24	67
100	11	49
76	24	69
43	4	14
84	20	51
0	20	3
40	12	8
41	1	36
103	3	74
101	23	90
100	12	47
27	15	67
52	14	81
42	17	74
103	10	32
14	3	47
38	8	55
90	21	17
100	5	89
26	14	70
83	1	3
81	21	31
67	0	71
49	6	35
29	17	101
64	13	33
91	22	15
7	17	20
59	17	60
13	8	27
12	23	24
41	0	88
22	15	53
67	22	33
34	19	35
3	25	86
10	13	38
69	6	35
2	11	93
88	17	87
16	8	40
80	18	100
31	6	50
83	18	79
21	1	44
73	22	1
2	1	64
26	0	78
50	4	68
78	1	97
31	7	100
27	25	70
67	9	32
19	4	95
57	18	52
74	18	45
70	15	93
64	25	64
26	21	68
95	5	16
99	7	92
14	22	100
86	3	17
2	7	90
59	11	100
74	0	0
95	10	67
65	5	48
90	14	13
86	4	6
51	17	30
64	18	89
92	16	18
36	3	13
60	1	98
75	13	66
39	6	41
48	4	36
70	22	59
43	21	65
86	6	12
8	0	29
97	15	79
59	9	0
8	10	71
51	24	7
102	6	42
88	12	65
5	24	55
82	9	94
77	17	78
42	18	63
64	17	99
65	4	68
4	0	7
68	7	40
45	4	39
90	16	90
99	25	25
31	18	99
48	13	65
65	23	102
102	18	23
19	22	78
62	16	77
67	12	47
8	0	96
43	3	18
101	23	98
0	12	95
63	14	53
26	1	10
56	17	42
100	22	75
84	7	79
85	3	16
0	13	11
94	21	29
86	19	92
95	2	28
98	4	92
13	24	9
30	2	11
80	20	35
45	20	69
16	15	48
103	1	70
10	12	9
19	19	25
79	12	31
89	8	8
102	3	72
26	23	33
49	25	61
23	0	26
91	10	66
14	9	98
9	17	91
52	5	26
4	8	49
21	4	47
100	1	73
32	17	93
100	7	9
52	19	95
3	2	61
33	13	57
68	21	13
32	4	7
89	9	55
60	8	46
97	20	28
0	25	86
55	24	47
41	1	96
26	4	8
93	4	1
65	22	16
44	14	76
94	14	80
10	9	24
96	23	45
16	18	90
47	16	48
26	12	45
77	15	28
69	14	27
35	16	79
36	17	2
81	6	66
79	20	47
27	10	5
41	22	72
49	23	16
86	0	25
33	15	28
50	11	89
71	19	45
22	20	96
22	6	24
16	9	98
103	2	16
44	13	0
66	12	40
67	7	89
98	11	27
79	21	14
9	18	100
9	20	100
55	0	45
0	9	67
99	4	62
67	8	8
44	19	83
78	0	92
85	5	45
53	15	53
79	14	66
21	23	25
55	23	36
70	24	19
96	9	56
89	19	50
27	18	82
62	14	70
31	4	51
41	25	73
88	12	0
78	23	71
43	3	19
60	12	83
89	12	24
45	7	40
72	23	3
49	4	84
14	3	38
93	14	12
50	15	35
12	21	7
44	2	14
97	25	64
32	4	66
4	20	45
43	25	32
100	0	46
100	15	97
5	12	65
7	21	36
30	1	71
35	20	92
93	19	22
27	22	84
57	21	62
96	0	84
11	23	26
102	0	38
44	21	64
26	24	9
70	25	0
20	21	66
22	15	10
2	14	81
96	22	13
45	3	22
26	2	24
40	5	45
15	20	4
47	17	41
3	19	2
11	7	37
94	3	1
74	19	57
15	5	55
73	19	66
34	24	20
93	13	72
81	12	90
66	0	14
43	25	41
77	6	100
86	24	65
64	25	102
69	0	42
50	9	69
90	17	22
71	15	76
54	18	59
4	9	21
54	11	47
84	14	35
25	5	39
10	10	96
78	14	71
21	9	54
46	11	29
67	24	63
93	20	55
28	21	77
4	9	75
42	16	40
8	18	89
17	12	19
10	19	9
96	0	82
25	5	72
47	0	59
8	23	60
83	20	38
44	3	91
41	23	64
95	12	78
98	17	81
20	23	7
46	13	35
14	18	35
47	4	63
79	12	34
67	22	80
57	3	37
14	0	24
85	9	55
77	0	8
81	19	96
21	2	24
16	19	8
100	6	61
79	23	5
40	22	102
8	21	21
92	23	48
16	12	54
25	23	16
0	9	59
99	13	103
10	20	27
97	4	58
80	4	66
8	2	3
93	20	12
18	13	29
44	2	88
84	17	68
15	10	100
50	23	35
59	2	65
63	10	21
28	13	75
96	19	0
73	20	97
41	24	11
59	0	30
23	12	5
74	8	82
38	23	80
35	2	73
55	15	98
16	9	2
76	7	81
79	10	44
2	24	29
71	4	67
95	23	37
50	17	76
11	3	89
9	22	22
93	9	27
2	21	18
3	3	2
29	1	60
11	5	48
74	12	100
54	12	27
17	0	59
99	23	81
13	18	7
16	11	61
20	14	101
10	12	86
81	19	60
85	11	50
24	18	34
93	22	91
90	3	10
95	1	90
57	4	74
6	0	36
87	21	92
88	11	68
28	14	97
48	12	23
55	14	43
12	6	0
90	2	24
53	23	22
101	23	29
65	22	60
90	17	20
47	24	15
56	15	77
57	19	15
87	6	34
101	19	6
3	13	48
65	8	25
37	4	36
43	11	102
36	22	98
67	5	57
95	12	103
57	25	65
29	19	4
19	10	67
45	2	57
74	1	101
8	21	85
102	22	37
3	15	38
24	7	54
101	3	87
54	25	99
18	19	96
10	8	92
74	0	103
42	23	102
31	14	53
29	20	20
89	3	81
90	4	79
80	25	20
51	5	10
13	21	6
19	19	94
80	2	0
103	19	77
103	0	101
56	4	4
24	21	98
81	6	86
71	6	4
36	22	3
88	19	46
72	20	77
44	9	57
69	1	20
10	18	93
0	23	47
42	21	72
68	22	0
39	13	67
52	18	20
49	20	67
60	3	43
36	20	33
29	15	33
5	13	19
30	22	85
15	8	28
33	13	3
43	4	54
25	13	54
37	16	19
75	14	3
75	22	49
81	15	22
101	6	42
53	8	79
52	24	52
34	6	54
3	2	32
0	24	94
37	25	33
82	12	91
44	20	2
39	16	62
45	1	27
100	12	4
13	23	102
35	11	13
41	4	24
59	0	70
83	24	101
66	25	46
37	24	7
25	8	87
21	20	69
79	16	9
103	13	9
11	15	1
50	22	98
95	15	7
85	13	83
52	7	70
66	21	29
34	22	33
19	5	37
24	5	32
81	0	9
91	8	14
24	21	12
22	21	16
75	1	88
4	9	76
95	17	6
40	17	74
